"","V1","V2","V3","V4","V5","V6","V7","V8","V9","V10","V11","V12","V13","V14","V15","V16","V17","V18","V19","V20"
"",0.0355987055016181,0.0323624595469256,0.0614886731391586,0.00970873786407767,0.0323624595469256,0.0355987055016181,0.0194174757281553,0.0420711974110032,0.0226537216828479,0.13915857605178,0.161812297734628,0.0485436893203883,0.0323624595469256,0.0776699029126214,0.0161812297734628,0.0744336569579288,0.0420711974110032,0.0258899676375405,0.0226537216828479,0.0679611650485437
"Q646F9",0.0496688741721854,0.0298013245033113,0.0596026490066225,0.00662251655629139,0.0165562913907285,0.0231788079470199,0.0298013245033113,0.033112582781457,0.0264900662251656,0.0927152317880795,0.145695364238411,0.0596026490066225,0.0264900662251656,0.0728476821192053,0.033112582781457,0.0662251655629139,0.0629139072847682,0.033112582781457,0.033112582781457,0.0993377483443709
"Q5Y4Z8",0.0562913907284768,0.0264900662251656,0.0529801324503311,0.00993377483443709,0.0198675496688742,0.0231788079470199,0.0298013245033113,0.0364238410596026,0.0231788079470199,0.0794701986754967,0.149006622516556,0.0629139072847682,0.0298013245033113,0.076158940397351,0.0264900662251656,0.076158940397351,0.0596026490066225,0.0364238410596026,0.0264900662251656,0.0993377483443709
"P59540",0.0562913907284768,0.0231788079470199,0.0596026490066225,0.00662251655629139,0.0165562913907285,0.0298013245033113,0.0231788079470199,0.0298013245033113,0.0264900662251656,0.102649006622517,0.152317880794702,0.0629139072847682,0.0264900662251656,0.0794701986754967,0.0264900662251656,0.076158940397351,0.0562913907284768,0.0364238410596026,0.0264900662251656,0.0827814569536424
"Q646E1",0.0562913907284768,0.0264900662251656,0.0562913907284768,0.00662251655629139,0.0165562913907285,0.033112582781457,0.0231788079470199,0.0298013245033113,0.0231788079470199,0.105960264900662,0.158940397350993,0.0596026490066225,0.0264900662251656,0.0794701986754967,0.0264900662251656,0.076158940397351,0.0562913907284768,0.0364238410596026,0.0298013245033113,0.0728476821192053
"Q646C0",0.0562913907284768,0.0231788079470199,0.0562913907284768,0.00662251655629139,0.0198675496688742,0.033112582781457,0.0231788079470199,0.0298013245033113,0.0231788079470199,0.102649006622517,0.158940397350993,0.0596026490066225,0.0264900662251656,0.0794701986754967,0.0264900662251656,0.076158940397351,0.0596026490066225,0.0364238410596026,0.0298013245033113,0.0728476821192053
"Q646D6",0.0690789473684211,0.0526315789473684,0.0361842105263158,0.0296052631578947,0.0328947368421053,0.0230263157894737,0.0164473684210526,0.0328947368421053,0.0230263157894737,0.0921052631578947,0.161184210526316,0.0460526315789474,0.0263157894736842,0.0855263157894737,0.0230263157894737,0.0789473684210526,0.0559210526315789,0.0230263157894737,0.0263157894736842,0.0657894736842105
"Q9NYW3",0.0657894736842105,0.0493421052631579,0.0361842105263158,0.0296052631578947,0.0328947368421053,0.0230263157894737,0.0164473684210526,0.0361842105263158,0.0230263157894737,0.0953947368421053,0.161184210526316,0.0493421052631579,0.0263157894736842,0.0855263157894737,0.0230263157894737,0.0789473684210526,0.0559210526315789,0.0230263157894737,0.0263157894736842,0.0625
"Q646C4",0.0693069306930693,0.0528052805280528,0.0363036303630363,0.0297029702970297,0.033003300330033,0.0231023102310231,0.0165016501650165,0.033003300330033,0.0231023102310231,0.0924092409240924,0.161716171617162,0.0462046204620462,0.0264026402640264,0.0825082508250825,0.0231023102310231,0.0792079207920792,0.0561056105610561,0.0231023102310231,0.0264026402640264,0.066006600660066
"P59537",0.0528052805280528,0.0264026402640264,0.0594059405940594,0.0066006600660066,0.0165016501650165,0.0231023102310231,0.0231023102310231,0.033003300330033,0.0231023102310231,0.0891089108910891,0.141914191419142,0.0693069306930693,0.0396039603960396,0.0924092409240924,0.0264026402640264,0.0792079207920792,0.0594059405940594,0.033003300330033,0.0231023102310231,0.0825082508250825
"Q645T7",0.0657894736842105,0.0526315789473684,0.0328947368421053,0.0296052631578947,0.0296052631578947,0.0197368421052632,0.0197368421052632,0.0328947368421053,0.0197368421052632,0.0953947368421053,0.164473684210526,0.0460526315789474,0.0296052631578947,0.0855263157894737,0.0230263157894737,0.0789473684210526,0.0625,0.0263157894736842,0.0263157894736842,0.0592105263157895
"Q646F6",0.0657894736842105,0.0526315789473684,0.0361842105263158,0.0296052631578947,0.0296052631578947,0.0197368421052632,0.0197368421052632,0.0328947368421053,0.0197368421052632,0.0953947368421053,0.161184210526316,0.0460526315789474,0.0263157894736842,0.0888157894736842,0.0230263157894737,0.0756578947368421,0.0625,0.0263157894736842,0.0263157894736842,0.0625
"Q646C1",0.0460526315789474,0.0361842105263158,0.0460526315789474,0.0131578947368421,0.0197368421052632,0.0197368421052632,0.0296052631578947,0.0296052631578947,0.0296052631578947,0.0986842105263158,0.161184210526316,0.0592105263157895,0.0328947368421053,0.0723684210526316,0.0263157894736842,0.0756578947368421,0.0559210526315789,0.0296052631578947,0.0296052631578947,0.0888157894736842
"Q645Z7",0.0562913907284768,0.0264900662251656,0.0496688741721854,0.00993377483443709,0.0165562913907285,0.0298013245033113,0.0231788079470199,0.0298013245033113,0.0231788079470199,0.0993377483443709,0.155629139072848,0.0629139072847682,0.0264900662251656,0.0794701986754967,0.0264900662251656,0.0794701986754967,0.0596026490066225,0.0364238410596026,0.0298013245033113,0.0794701986754967
"Q646E2",0.0460526315789474,0.0328947368421053,0.0460526315789474,0.0131578947368421,0.0197368421052632,0.0164473684210526,0.0328947368421053,0.0296052631578947,0.0296052631578947,0.0986842105263158,0.161184210526316,0.0625,0.0296052631578947,0.0723684210526316,0.0263157894736842,0.0756578947368421,0.0559210526315789,0.0296052631578947,0.0296052631578947,0.0921052631578947
"Q646F8",0.0561056105610561,0.0363036303630363,0.0594059405940594,0.0099009900990099,0.0231023102310231,0.0198019801980198,0.0231023102310231,0.0297029702970297,0.0198019801980198,0.0891089108910891,0.165016501650165,0.066006600660066,0.0231023102310231,0.0627062706270627,0.0231023102310231,0.0792079207920792,0.0528052805280528,0.0297029702970297,0.0297029702970297,0.102310231023102
"Q5Y4Y8",0.0596026490066225,0.0264900662251656,0.0596026490066225,0.00662251655629139,0.0198675496688742,0.0231788079470199,0.0298013245033113,0.033112582781457,0.0198675496688742,0.102649006622517,0.152317880794702,0.0662251655629139,0.0231788079470199,0.0794701986754967,0.0298013245033113,0.0728476821192053,0.0496688741721854,0.0364238410596026,0.0264900662251656,0.0827814569536424
"Q9JKE9",0.0629139072847682,0.0463576158940397,0.0463576158940397,0.0298013245033113,0.033112582781457,0.0231788079470199,0.0165562913907285,0.0298013245033113,0.0165562913907285,0.0894039735099338,0.158940397350993,0.0496688741721854,0.033112582781457,0.0728476821192053,0.0231788079470199,0.076158940397351,0.0662251655629139,0.0231788079470199,0.033112582781457,0.0695364238410596
"Q646A2",0.0625,0.0493421052631579,0.0361842105263158,0.0296052631578947,0.0328947368421053,0.0230263157894737,0.0164473684210526,0.0361842105263158,0.0197368421052632,0.0953947368421053,0.161184210526316,0.0493421052631579,0.0263157894736842,0.0855263157894737,0.0230263157894737,0.0789473684210526,0.0592105263157895,0.0230263157894737,0.0296052631578947,0.0625
"P59541",0.0493421052631579,0.0427631578947368,0.0460526315789474,0.0131578947368421,0.0197368421052632,0.0197368421052632,0.0296052631578947,0.0296052631578947,0.0296052631578947,0.0953947368421053,0.157894736842105,0.0559210526315789,0.0296052631578947,0.0756578947368421,0.0263157894736842,0.0756578947368421,0.0559210526315789,0.0263157894736842,0.0296052631578947,0.0921052631578947
"Q645V8",0.0657894736842105,0.0493421052631579,0.0361842105263158,0.0296052631578947,0.0328947368421053,0.0230263157894737,0.0164473684210526,0.0328947368421053,0.0230263157894737,0.105263157894737,0.164473684210526,0.0493421052631579,0.0296052631578947,0.0822368421052632,0.0230263157894737,0.0789473684210526,0.0526315789473684,0.0230263157894737,0.0263157894736842,0.0559210526315789
"Q645V3",0.0463576158940397,0.033112582781457,0.0463576158940397,0.0132450331125828,0.0165562913907285,0.0198675496688742,0.0264900662251656,0.043046357615894,0.0198675496688742,0.0894039735099338,0.158940397350993,0.0662251655629139,0.0264900662251656,0.0794701986754967,0.0264900662251656,0.0794701986754967,0.0629139072847682,0.0298013245033113,0.0298013245033113,0.0860927152317881
"Q645V4",0.0592105263157895,0.0361842105263158,0.0559210526315789,0.00986842105263158,0.0197368421052632,0.0230263157894737,0.0230263157894737,0.0296052631578947,0.0263157894736842,0.101973684210526,0.164473684210526,0.0625,0.0263157894736842,0.0789473684210526,0.0197368421052632,0.0657894736842105,0.0526315789473684,0.0328947368421053,0.0296052631578947,0.0822368421052632
"P59530",0.0662251655629139,0.043046357615894,0.0364238410596026,0.0298013245033113,0.0298013245033113,0.0231788079470199,0.0165562913907285,0.033112582781457,0.0198675496688742,0.0860927152317881,0.152317880794702,0.0562913907284768,0.033112582781457,0.0662251655629139,0.0231788079470199,0.0894039735099338,0.0596026490066225,0.0231788079470199,0.0298013245033113,0.0827814569536424
"Q5Y500",0.0528052805280528,0.0264026402640264,0.0594059405940594,0.0099009900990099,0.0165016501650165,0.0198019801980198,0.0231023102310231,0.033003300330033,0.0231023102310231,0.0891089108910891,0.148514851485149,0.0693069306930693,0.0396039603960396,0.0924092409240924,0.0264026402640264,0.0792079207920792,0.0561056105610561,0.033003300330033,0.0231023102310231,0.0792079207920792
"Q645T3",0.0594059405940594,0.0363036303630363,0.0594059405940594,0.0099009900990099,0.0198019801980198,0.0198019801980198,0.0297029702970297,0.0264026402640264,0.0198019801980198,0.102310231023102,0.155115511551155,0.066006600660066,0.0231023102310231,0.0693069306930693,0.0198019801980198,0.0891089108910891,0.0495049504950495,0.0297029702970297,0.0297029702970297,0.0858085808580858
"Q646B4",0.0495049504950495,0.0264026402640264,0.0594059405940594,0.0066006600660066,0.0165016501650165,0.0198019801980198,0.0231023102310231,0.033003300330033,0.0231023102310231,0.0858085808580858,0.145214521452145,0.0726072607260726,0.0396039603960396,0.0924092409240924,0.0264026402640264,0.0825082508250825,0.0561056105610561,0.033003300330033,0.0231023102310231,0.0858085808580858
"P59539",0.0540540540540541,0.0337837837837838,0.0540540540540541,0.0101351351351351,0.0202702702702703,0.0168918918918919,0.0304054054054054,0.0337837837837838,0.0202702702702703,0.0810810810810811,0.14527027027027,0.0608108108108108,0.027027027027027,0.0777027027027027,0.027027027027027,0.0777027027027027,0.0641891891891892,0.0337837837837838,0.027027027027027,0.10472972972973
"Q646B9",0.0496688741721854,0.033112582781457,0.0463576158940397,0.00993377483443709,0.0198675496688742,0.0198675496688742,0.0264900662251656,0.0397350993377483,0.0198675496688742,0.0827814569536424,0.155629139072848,0.0728476821192053,0.0298013245033113,0.0794701986754967,0.0264900662251656,0.0794701986754967,0.0596026490066225,0.0298013245033113,0.0298013245033113,0.0894039735099338
"Q646E0",0.0498338870431894,0.0299003322259136,0.0465116279069767,0.00996677740863787,0.0199335548172757,0.0199335548172757,0.026578073089701,0.0398671096345515,0.0199335548172757,0.0830564784053156,0.156146179401993,0.0730897009966777,0.026578073089701,0.0830564784053156,0.026578073089701,0.079734219269103,0.0598006644518272,0.0299003322259136,0.0299003322259136,0.0897009966777409
"Q645V0",0.039344262295082,0.0262295081967213,0.059016393442623,0.019672131147541,0.0163934426229508,0.0262295081967213,0.0295081967213115,0.0524590163934426,0.019672131147541,0.131147540983607,0.134426229508197,0.059016393442623,0.039344262295082,0.0852459016393443,0.0131147540983607,0.0885245901639344,0.0459016393442623,0.0229508196721311,0.0295081967213115,0.0622950819672131
"Q9NYW0",0.0390879478827362,0.0325732899022801,0.0651465798045603,0.0195439739413681,0.0195439739413681,0.0260586319218241,0.0260586319218241,0.0521172638436482,0.00977198697068404,0.136807817589577,0.130293159609121,0.0553745928338762,0.0325732899022801,0.0912052117263844,0.00977198697068404,0.0814332247557003,0.0521172638436482,0.0228013029315961,0.0358306188925081,0.0618892508143322
"Q645Z4",0.039344262295082,0.0327868852459016,0.0622950819672131,0.0229508196721311,0.019672131147541,0.0262295081967213,0.0262295081967213,0.0524590163934426,0.0131147540983607,0.134426229508197,0.131147540983607,0.0557377049180328,0.0360655737704918,0.0918032786885246,0.00983606557377049,0.0786885245901639,0.0491803278688525,0.0229508196721311,0.0327868852459016,0.0622950819672131
"Q9JKT5",0.0647249190938511,0.0258899676375405,0.0485436893203883,0.0161812297734628,0.0226537216828479,0.0323624595469256,0.0129449838187702,0.0485436893203883,0.0226537216828479,0.110032362459547,0.13915857605178,0.0711974110032362,0.0258899676375405,0.087378640776699,0.0129449838187702,0.0841423948220065,0.0614886731391586,0.029126213592233,0.0226537216828479,0.0614886731391586
"Q645Z6",0.053156146179402,0.026578073089701,0.0465116279069767,0.00996677740863787,0.0199335548172757,0.0199335548172757,0.0332225913621262,0.0398671096345515,0.0199335548172757,0.0764119601328904,0.159468438538206,0.0730897009966777,0.0332225913621262,0.0697674418604651,0.026578073089701,0.0830564784053156,0.0631229235880399,0.026578073089701,0.0332225913621262,0.0863787375415282
"Q646F5",0.0390879478827362,0.0325732899022801,0.0586319218241042,0.0195439739413681,0.0162866449511401,0.0293159609120521,0.0260586319218241,0.0521172638436482,0.00977198697068404,0.143322475570033,0.153094462540717,0.0521172638436482,0.0228013029315961,0.0781758957654723,0.0130293159609121,0.0846905537459283,0.0488599348534202,0.0228013029315961,0.0358306188925081,0.0618892508143322
"Q646G0",0.0496688741721854,0.033112582781457,0.0596026490066225,0.0033112582781457,0.0165562913907285,0.0198675496688742,0.0298013245033113,0.0397350993377483,0.0264900662251656,0.0827814569536424,0.145695364238411,0.0629139072847682,0.0298013245033113,0.0827814569536424,0.0231788079470199,0.0860927152317881,0.0662251655629139,0.0298013245033113,0.0264900662251656,0.0860927152317881
"Q646D7",0.0390879478827362,0.0325732899022801,0.0651465798045603,0.0195439739413681,0.0162866449511401,0.0260586319218241,0.0260586319218241,0.0488599348534202,0.00977198697068404,0.136807817589577,0.133550488599349,0.0553745928338762,0.0358306188925081,0.0879478827361563,0.00977198697068404,0.0846905537459283,0.0488599348534202,0.0228013029315961,0.0390879478827362,0.0618892508143322
"Q646B5",0.0390879478827362,0.0325732899022801,0.0651465798045603,0.0195439739413681,0.0162866449511401,0.0260586319218241,0.0260586319218241,0.0488599348534202,0.00977198697068404,0.136807817589577,0.133550488599349,0.0553745928338762,0.0358306188925081,0.0879478827361563,0.00977198697068404,0.0846905537459283,0.0488599348534202,0.0228013029315961,0.0390879478827362,0.0618892508143322
"P59538",0.0529801324503311,0.0364238410596026,0.0463576158940397,0.00993377483443709,0.0198675496688742,0.0231788079470199,0.0264900662251656,0.0397350993377483,0.0198675496688742,0.0794701986754967,0.155629139072848,0.0695364238410596,0.0198675496688742,0.0827814569536424,0.0264900662251656,0.076158940397351,0.0596026490066225,0.0264900662251656,0.0298013245033113,0.0993377483443709
"Q645T4",0.0431893687707641,0.026578073089701,0.053156146179402,0.00664451827242525,0.0166112956810631,0.0232558139534884,0.026578073089701,0.0365448504983389,0.0299003322259136,0.0863787375415282,0.162790697674419,0.0697674418604651,0.0332225913621262,0.0730897009966777,0.0199335548172757,0.079734219269103,0.0564784053156146,0.0332225913621262,0.0299003322259136,0.0930232558139535
"Q645V6",0.0598006644518272,0.0232558139534884,0.0498338870431894,0.00664451827242525,0.0166112956810631,0.0166112956810631,0.0332225913621262,0.0332225913621262,0.0332225913621262,0.0996677740863787,0.162790697674419,0.0598006644518272,0.0199335548172757,0.0664451827242525,0.0132890365448505,0.0863787375415282,0.0664451827242525,0.0365448504983389,0.026578073089701,0.0897009966777409
"Q646E3",0.0596026490066225,0.0198675496688742,0.0562913907284768,0.00662251655629139,0.0198675496688742,0.0132450331125828,0.0298013245033113,0.033112582781457,0.0364238410596026,0.109271523178808,0.155629139072848,0.0662251655629139,0.0264900662251656,0.0728476821192053,0.0165562913907285,0.0827814569536424,0.0562913907284768,0.0364238410596026,0.0198675496688742,0.0827814569536424
"Q646G1",0.0598006644518272,0.0232558139534884,0.0564784053156146,0.00664451827242525,0.0166112956810631,0.0132890365448505,0.026578073089701,0.0332225913621262,0.0365448504983389,0.106312292358804,0.156146179401993,0.0664451827242525,0.026578073089701,0.0730897009966777,0.0166112956810631,0.079734219269103,0.0598006644518272,0.0365448504983389,0.0232558139534884,0.0830564784053156
"Q646C2",0.0598006644518272,0.0199335548172757,0.0564784053156146,0.00664451827242525,0.0199335548172757,0.0132890365448505,0.0299003322259136,0.0332225913621262,0.0332225913621262,0.109634551495017,0.156146179401993,0.0664451827242525,0.026578073089701,0.0730897009966777,0.0166112956810631,0.0830564784053156,0.0564784053156146,0.0365448504983389,0.0199335548172757,0.0830564784053156
"P59543",0.0596026490066225,0.0198675496688742,0.0529801324503311,0.00662251655629139,0.0198675496688742,0.0132450331125828,0.0298013245033113,0.033112582781457,0.0397350993377483,0.112582781456954,0.155629139072848,0.0662251655629139,0.0264900662251656,0.076158940397351,0.0165562913907285,0.0794701986754967,0.0529801324503311,0.0364238410596026,0.0198675496688742,0.0827814569536424
"Q646A0",0.0629139072847682,0.0231788079470199,0.0529801324503311,0.00662251655629139,0.0165562913907285,0.0132450331125828,0.0264900662251656,0.033112582781457,0.0364238410596026,0.105960264900662,0.155629139072848,0.0662251655629139,0.0264900662251656,0.0728476821192053,0.0165562913907285,0.0860927152317881,0.0562913907284768,0.0364238410596026,0.0231788079470199,0.0827814569536424
"Q7M725",0.0358306188925081,0.0293159609120521,0.0586319218241042,0.0130293159609121,0.0325732899022801,0.0162866449511401,0.0423452768729642,0.0521172638436482,0.0325732899022801,0.104234527687296,0.143322475570033,0.0586319218241042,0.0260586319218241,0.0879478827361563,0.0130293159609121,0.0684039087947883,0.0521172638436482,0.0228013029315961,0.0260586319218241,0.0846905537459283
"Q646F4",0.0463576158940397,0.0463576158940397,0.0463576158940397,0.0165562913907285,0.0165562913907285,0.0198675496688742,0.0165562913907285,0.043046357615894,0.0198675496688742,0.109271523178808,0.162251655629139,0.0562913907284768,0.0231788079470199,0.0827814569536424,0.00993377483443709,0.0894039735099338,0.0529801324503311,0.033112582781457,0.0231788079470199,0.0860927152317881
"Q645V2",0.0666666666666667,0.03,0.0533333333333333,0.02,0.02,0.0166666666666667,0.0166666666666667,0.0533333333333333,0.02,0.106666666666667,0.143333333333333,0.06,0.0233333333333333,0.09,0.0133333333333333,0.0933333333333333,0.0466666666666667,0.0366666666666667,0.02,0.07
"Q9JKT9",0.0487012987012987,0.025974025974026,0.0616883116883117,0.00974025974025974,0.0324675324675325,0.0194805194805195,0.0422077922077922,0.0551948051948052,0.025974025974026,0.103896103896104,0.165584415584416,0.0454545454545455,0.0227272727272727,0.0844155844155844,0.012987012987013,0.0714285714285714,0.051948051948052,0.025974025974026,0.0227272727272727,0.0714285714285714
"Q9JKT4",0.0570469798657718,0.0302013422818792,0.0436241610738255,0.0201342281879195,0.023489932885906,0.0268456375838926,0.0201342281879195,0.0469798657718121,0.0167785234899329,0.104026845637584,0.13758389261745,0.0570469798657718,0.0335570469798658,0.0973154362416107,0.0100671140939597,0.0906040268456376,0.0570469798657718,0.0268456375838926,0.0302013422818792,0.0704697986577181
"Q5Y4Y9",0.0562913907284768,0.0198675496688742,0.0496688741721854,0.0165562913907285,0.0198675496688742,0.0132450331125828,0.0364238410596026,0.0397350993377483,0.0298013245033113,0.0993377483443709,0.182119205298013,0.0596026490066225,0.0198675496688742,0.0695364238410596,0.00993377483443709,0.076158940397351,0.0529801324503311,0.0264900662251656,0.0298013245033113,0.0927152317880795
"Q645Z9",0.0641891891891892,0.0304054054054054,0.0506756756756757,0.0135135135135135,0.0304054054054054,0.0135135135135135,0.0304054054054054,0.027027027027027,0.0202702702702703,0.0945945945945946,0.175675675675676,0.0540540540540541,0.0371621621621622,0.0641891891891892,0.0135135135135135,0.0777027027027027,0.0641891891891892,0.0304054054054054,0.0168918918918919,0.0912162162162162
"Q646G2",0.0574324324324324,0.0371621621621622,0.0540540540540541,0.0168918918918919,0.0202702702702703,0.027027027027027,0.0168918918918919,0.0304054054054054,0.027027027027027,0.0878378378378378,0.189189189189189,0.0506756756756757,0.0371621621621622,0.0844594594594595,0.0202702702702703,0.0777027027027027,0.0439189189189189,0.0304054054054054,0.0236486486486486,0.0675675675675676
"Q645T6",0.0574324324324324,0.0371621621621622,0.0540540540540541,0.0168918918918919,0.0202702702702703,0.027027027027027,0.0168918918918919,0.0304054054054054,0.027027027027027,0.0878378378378378,0.189189189189189,0.0506756756756757,0.0371621621621622,0.0844594594594595,0.0202702702702703,0.0777027027027027,0.0439189189189189,0.0304054054054054,0.0236486486486486,0.0675675675675676
"Q645Z2",0.0503355704697987,0.0436241610738255,0.0503355704697987,0.0201342281879195,0.0201342281879195,0.0201342281879195,0.0134228187919463,0.0436241610738255,0.0201342281879195,0.104026845637584,0.140939597315436,0.0604026845637584,0.0268456375838926,0.0939597315436242,0.0100671140939597,0.104026845637584,0.0436241610738255,0.0302013422818792,0.0201342281879195,0.0838926174496644
"Q7M722",0.029126213592233,0.0355987055016181,0.058252427184466,0.0161812297734628,0.0323624595469256,0.0323624595469256,0.0194174757281553,0.0420711974110032,0.0194174757281553,0.135922330097087,0.161812297734628,0.0485436893203883,0.0388349514563107,0.0809061488673139,0.0161812297734628,0.0711974110032362,0.0453074433656958,0.0194174757281553,0.029126213592233,0.0679611650485437
"Q646A1",0.0574324324324324,0.0337837837837838,0.0472972972972973,0.0202702702702703,0.0202702702702703,0.0202702702702703,0.0202702702702703,0.0304054054054054,0.027027027027027,0.097972972972973,0.189189189189189,0.0540540540540541,0.0304054054054054,0.0777027027027027,0.0135135135135135,0.0777027027027027,0.0540540540540541,0.0304054054054054,0.027027027027027,0.0709459459459459
"P59544",0.0574324324324324,0.0371621621621622,0.0506756756756757,0.0202702702702703,0.0202702702702703,0.0202702702702703,0.0168918918918919,0.0304054054054054,0.027027027027027,0.0912162162162162,0.189189189189189,0.0540540540540541,0.0337837837837838,0.0777027027027027,0.0135135135135135,0.0743243243243243,0.0540540540540541,0.0304054054054054,0.027027027027027,0.0743243243243243
"Q646E4",0.0540540540540541,0.0371621621621622,0.0472972972972973,0.0202702702702703,0.0202702702702703,0.0202702702702703,0.0168918918918919,0.0304054054054054,0.027027027027027,0.101351351351351,0.185810810810811,0.0540540540540541,0.0304054054054054,0.0777027027027027,0.0135135135135135,0.0777027027027027,0.0574324324324324,0.0304054054054054,0.027027027027027,0.0709459459459459
"Q646C3",0.0540540540540541,0.0371621621621622,0.0472972972972973,0.0202702702702703,0.0202702702702703,0.0202702702702703,0.0168918918918919,0.0304054054054054,0.027027027027027,0.101351351351351,0.185810810810811,0.0540540540540541,0.0304054054054054,0.0777027027027027,0.0135135135135135,0.0777027027027027,0.0574324324324324,0.0304054054054054,0.027027027027027,0.0709459459459459
"Q5Y4Z5",0.0612244897959184,0.0306122448979592,0.0476190476190476,0.0136054421768707,0.0272108843537415,0.0136054421768707,0.0306122448979592,0.0272108843537415,0.0204081632653061,0.0952380952380952,0.180272108843537,0.054421768707483,0.0340136054421769,0.0680272108843537,0.0136054421768707,0.0850340136054422,0.0612244897959184,0.0306122448979592,0.0170068027210884,0.0884353741496599
"Q646A3",0.0476190476190476,0.0408163265306122,0.0442176870748299,0.0238095238095238,0.0170068027210884,0.0204081632653061,0.0136054421768707,0.0340136054421769,0.0170068027210884,0.129251700680272,0.13265306122449,0.0612244897959184,0.0272108843537415,0.0782312925170068,0.0272108843537415,0.0680272108843537,0.0646258503401361,0.0204081632653061,0.0510204081632653,0.0816326530612245
"Q646B7",0.0505050505050505,0.0437710437710438,0.0505050505050505,0.0168350168350168,0.0202020202020202,0.0202020202020202,0.0101010101010101,0.0471380471380471,0.0202020202020202,0.101010101010101,0.134680134680135,0.063973063973064,0.0269360269360269,0.0976430976430976,0.0101010101010101,0.104377104377104,0.0471380471380471,0.0303030303030303,0.0202020202020202,0.0841750841750842
"Q645V7",0.0574324324324324,0.0337837837837838,0.0506756756756757,0.0202702702702703,0.0202702702702703,0.0202702702702703,0.0202702702702703,0.0304054054054054,0.0304054054054054,0.0945945945945946,0.192567567567568,0.0540540540540541,0.0236486486486486,0.0777027027027027,0.0168918918918919,0.0777027027027027,0.0540540540540541,0.0236486486486486,0.0236486486486486,0.0777027027027027
"Q646D9",0.0501672240802676,0.0434782608695652,0.0501672240802676,0.0167224080267559,0.0167224080267559,0.020066889632107,0.0100334448160535,0.0468227424749164,0.020066889632107,0.100334448160535,0.133779264214047,0.0635451505016722,0.0367892976588629,0.096989966555184,0.0100334448160535,0.107023411371237,0.0468227424749164,0.0301003344481605,0.020066889632107,0.0802675585284281
"Q9NYV8",0.0501672240802676,0.0434782608695652,0.0501672240802676,0.0167224080267559,0.0167224080267559,0.020066889632107,0.0100334448160535,0.0468227424749164,0.020066889632107,0.107023411371237,0.133779264214047,0.0602006688963211,0.0301003344481605,0.096989966555184,0.0100334448160535,0.107023411371237,0.0468227424749164,0.0301003344481605,0.020066889632107,0.0836120401337793
"Q645T2",0.0498338870431894,0.0465116279069767,0.0465116279069767,0.0132890365448505,0.0166112956810631,0.0166112956810631,0.0166112956810631,0.0465116279069767,0.026578073089701,0.109634551495017,0.156146179401993,0.0564784053156146,0.0232558139534884,0.079734219269103,0.00996677740863787,0.0897009966777409,0.053156146179402,0.0332225913621262,0.0232558139534884,0.0863787375415282
"P59542",0.0646258503401361,0.0306122448979592,0.0476190476190476,0.0102040816326531,0.0272108843537415,0.0170068027210884,0.0272108843537415,0.0272108843537415,0.0238095238095238,0.0918367346938776,0.17687074829932,0.054421768707483,0.0340136054421769,0.0612244897959184,0.0136054421768707,0.0884353741496599,0.0646258503401361,0.0306122448979592,0.0170068027210884,0.0918367346938776
"Q646G5",0.0466666666666667,0.0366666666666667,0.0366666666666667,0.0266666666666667,0.0166666666666667,0.0233333333333333,0.0133333333333333,0.05,0.02,0.14,0.16,0.05,0.03,0.0866666666666667,0.0333333333333333,0.08,0.0466666666666667,0.0233333333333333,0.02,0.06
"Q645U8",0.0510204081632653,0.0374149659863946,0.0442176870748299,0.0238095238095238,0.0136054421768707,0.0170068027210884,0.0170068027210884,0.0340136054421769,0.0170068027210884,0.125850340136054,0.136054421768707,0.0612244897959184,0.0340136054421769,0.0816326530612245,0.0238095238095238,0.0748299319727891,0.0714285714285714,0.0170068027210884,0.0476190476190476,0.0714285714285714
"Q646E8",0.0503355704697987,0.0469798657718121,0.0302013422818792,0.0201342281879195,0.0201342281879195,0.0302013422818792,0.0167785234899329,0.0604026845637584,0.0302013422818792,0.0838926174496644,0.157718120805369,0.0469798657718121,0.0369127516778524,0.0906040268456376,0.0201342281879195,0.087248322147651,0.063758389261745,0.023489932885906,0.0268456375838926,0.0570469798657718
"Q7M723",0.0598006644518272,0.0332225913621262,0.0398671096345515,0.0166112956810631,0.0232558139534884,0.0299003322259136,0.0166112956810631,0.0299003322259136,0.0232558139534884,0.122923588039867,0.159468438538206,0.053156146179402,0.0398671096345515,0.0830564784053156,0.0132890365448505,0.0830564784053156,0.0598006644518272,0.026578073089701,0.0299003322259136,0.0564784053156146
"Q67ER8",0.0559210526315789,0.0427631578947368,0.0460526315789474,0.0164473684210526,0.00986842105263158,0.0164473684210526,0.0296052631578947,0.0394736842105263,0.0263157894736842,0.101973684210526,0.164473684210526,0.0559210526315789,0.0328947368421053,0.0756578947368421,0.0197368421052632,0.0756578947368421,0.0526315789473684,0.0328947368421053,0.0164473684210526,0.0888157894736842
"Q67ES9",0.0465116279069767,0.0431893687707641,0.0498338870431894,0.00996677740863787,0.026578073089701,0.0332225913621262,0.0132890365448505,0.026578073089701,0.026578073089701,0.116279069767442,0.156146179401993,0.0498338870431894,0.0332225913621262,0.0863787375415282,0.0132890365448505,0.079734219269103,0.0697674418604651,0.026578073089701,0.026578073089701,0.0664451827242525
"Q646G4",0.0477815699658703,0.0409556313993174,0.0477815699658703,0.0238907849829352,0.0204778156996587,0.0170648464163823,0.0102389078498294,0.037542662116041,0.0204778156996587,0.122866894197952,0.139931740614334,0.0580204778156997,0.0341296928327645,0.0716723549488055,0.0273037542662116,0.068259385665529,0.0648464163822526,0.0204778156996587,0.0443686006825939,0.0819112627986348
"Q67ES0",0.0562913907284768,0.0463576158940397,0.0562913907284768,0.00993377483443709,0.0165562913907285,0.0231788079470199,0.0231788079470199,0.0231788079470199,0.0231788079470199,0.109271523178808,0.158940397350993,0.0397350993377483,0.0264900662251656,0.0794701986754967,0.0198675496688742,0.0894039735099338,0.0728476821192053,0.0298013245033113,0.0132450331125828,0.0827814569536424
"Q9JKT8",0.0355987055016181,0.0323624595469256,0.0614886731391586,0.00970873786407767,0.0323624595469256,0.0355987055016181,0.0194174757281553,0.0420711974110032,0.0226537216828479,0.13915857605178,0.161812297734628,0.0485436893203883,0.0323624595469256,0.0776699029126214,0.0161812297734628,0.0744336569579288,0.0420711974110032,0.0258899676375405,0.0226537216828479,0.0679611650485437
"Q7M713",0.063758389261745,0.0436241610738255,0.0402684563758389,0.0134228187919463,0.0100671140939597,0.0134228187919463,0.0302013422818792,0.0335570469798658,0.0268456375838926,0.10738255033557,0.154362416107383,0.0469798657718121,0.0335570469798658,0.0805369127516778,0.0201342281879195,0.0939597315436242,0.0503355704697987,0.0335570469798658,0.023489932885906,0.0805369127516778
"Q9NYW2",0.0476190476190476,0.0340136054421769,0.0476190476190476,0.0238095238095238,0.0170068027210884,0.0204081632653061,0.0136054421768707,0.0306122448979592,0.0170068027210884,0.13265306122449,0.13265306122449,0.0612244897959184,0.0306122448979592,0.0850340136054422,0.0272108843537415,0.0680272108843537,0.0646258503401361,0.0238095238095238,0.0442176870748299,0.0782312925170068
"Q645T0",0.0498338870431894,0.0365448504983389,0.0398671096345515,0.026578073089701,0.0166112956810631,0.0199335548172757,0.0132890365448505,0.0498338870431894,0.0166112956810631,0.136212624584718,0.159468438538206,0.0498338870431894,0.0299003322259136,0.0897009966777409,0.0332225913621262,0.079734219269103,0.0498338870431894,0.0232558139534884,0.0199335548172757,0.0598006644518272
"Q646F7",0.0479452054794521,0.0342465753424658,0.0445205479452055,0.0136986301369863,0.0136986301369863,0.0205479452054795,0.0273972602739726,0.0376712328767123,0.0273972602739726,0.113013698630137,0.178082191780822,0.0445205479452055,0.023972602739726,0.0856164383561644,0.0205479452054795,0.0993150684931507,0.0445205479452055,0.0342465753424658,0.023972602739726,0.0650684931506849
"Q645V9",0.0437710437710438,0.0404040404040404,0.0336700336700337,0.0202020202020202,0.0134680134680135,0.0235690235690236,0.0134680134680135,0.0437710437710438,0.0202020202020202,0.134680134680135,0.158249158249158,0.0538720538720539,0.0303030303030303,0.0841750841750842,0.0303030303030303,0.0909090909090909,0.0471380471380471,0.0235690235690236,0.0202020202020202,0.0740740740740741
"Q646B6",0.0546075085324232,0.037542662116041,0.0477815699658703,0.0204778156996587,0.0068259385665529,0.0273037542662116,0.0204778156996587,0.0307167235494881,0.0204778156996587,0.116040955631399,0.167235494880546,0.0443686006825939,0.0273037542662116,0.0887372013651877,0.0170648464163823,0.102389078498294,0.0477815699658703,0.0307167235494881,0.0273037542662116,0.0648464163822526
"Q646D8",0.0546075085324232,0.037542662116041,0.0477815699658703,0.0204778156996587,0.0068259385665529,0.0273037542662116,0.0204778156996587,0.0307167235494881,0.0204778156996587,0.116040955631399,0.16382252559727,0.0443686006825939,0.0273037542662116,0.0921501706484642,0.0170648464163823,0.102389078498294,0.0477815699658703,0.0307167235494881,0.0273037542662116,0.0648464163822526
"Q645V1",0.0511945392491468,0.0273037542662116,0.0443686006825939,0.0170648464163823,0.0068259385665529,0.0273037542662116,0.0204778156996587,0.0341296928327645,0.0238907849829352,0.122866894197952,0.170648464163823,0.0477815699658703,0.0238907849829352,0.0819112627986348,0.0204778156996587,0.10580204778157,0.0443686006825939,0.0341296928327645,0.0341296928327645,0.0614334470989761
"Q645Z5",0.0513698630136986,0.0273972602739726,0.0479452054794521,0.0205479452054795,0.0102739726027397,0.023972602739726,0.0205479452054795,0.0308219178082192,0.023972602739726,0.113013698630137,0.164383561643836,0.0547945205479452,0.0273972602739726,0.0924657534246575,0.0171232876712329,0.0958904109589041,0.0479452054794521,0.0342465753424658,0.0308219178082192,0.0650684931506849
"Q9NYW1",0.0398671096345515,0.0398671096345515,0.0365448504983389,0.0199335548172757,0.0199335548172757,0.0199335548172757,0.00996677740863787,0.0465116279069767,0.0232558139534884,0.132890365448505,0.156146179401993,0.0598006644518272,0.0299003322259136,0.0863787375415282,0.0332225913621262,0.0863787375415282,0.0398671096345515,0.0232558139534884,0.0199335548172757,0.0764119601328904
"Q675C0",0.0429042904290429,0.0429042904290429,0.033003300330033,0.0198019801980198,0.0066006600660066,0.0297029702970297,0.0198019801980198,0.0462046204620462,0.0297029702970297,0.112211221122112,0.174917491749175,0.0462046204620462,0.0264026402640264,0.0726072607260726,0.0231023102310231,0.108910891089109,0.0594059405940594,0.0363036303630363,0.0363036303630363,0.033003300330033
"Q9NYV9",0.0511945392491468,0.0307167235494881,0.0477815699658703,0.0204778156996587,0.0102389078498294,0.0273037542662116,0.0204778156996587,0.0307167235494881,0.0238907849829352,0.116040955631399,0.156996587030717,0.0477815699658703,0.0273037542662116,0.0955631399317406,0.0170648464163823,0.0989761092150171,0.0477815699658703,0.0341296928327645,0.0273037542662116,0.068259385665529
"Q7M720",0.0369127516778524,0.0369127516778524,0.0436241610738255,0.0100671140939597,0.00671140939597315,0.023489932885906,0.0167785234899329,0.0503355704697987,0.0335570469798658,0.0973154362416107,0.151006711409396,0.0503355704697987,0.0503355704697987,0.0838926174496644,0.0167785234899329,0.100671140939597,0.0503355704697987,0.0369127516778524,0.0369127516778524,0.0671140939597315
"Q7M717",0.0398671096345515,0.0398671096345515,0.0431893687707641,0.0199335548172757,0.0132890365448505,0.0332225913621262,0.0365448504983389,0.0332225913621262,0.0299003322259136,0.0996677740863787,0.186046511627907,0.0431893687707641,0.0498338870431894,0.0697674418604651,0.0132890365448505,0.0996677740863787,0.0431893687707641,0.0332225913621262,0.0332225913621262,0.0398671096345515
"Q645U2",0.0468227424749164,0.0434782608695652,0.0267558528428094,0.0167224080267559,0.020066889632107,0.0301003344481605,0.0167224080267559,0.0602006688963211,0.0301003344481605,0.0869565217391304,0.167224080267559,0.0468227424749164,0.0367892976588629,0.0869565217391304,0.0234113712374582,0.096989966555184,0.0635451505016722,0.0234113712374582,0.0267558528428094,0.0501672240802676
"Q7M721",0.0445205479452055,0.0273972602739726,0.0616438356164384,0.0205479452054795,0.0273972602739726,0.0102739726027397,0.0273972602739726,0.0513698630136986,0.0308219178082192,0.102739726027397,0.14041095890411,0.0582191780821918,0.0410958904109589,0.0684931506849315,0.0136986301369863,0.0787671232876712,0.0684931506849315,0.0273972602739726,0.023972602739726,0.0753424657534247
"Q646E5",0.0477815699658703,0.0341296928327645,0.0477815699658703,0.0238907849829352,0.0170648464163823,0.0204778156996587,0.0136518771331058,0.0307167235494881,0.0170648464163823,0.133105802047782,0.133105802047782,0.0614334470989761,0.0307167235494881,0.0887372013651877,0.0273037542662116,0.068259385665529,0.0614334470989761,0.0238907849829352,0.0409556313993174,0.0784982935153584
"Q646C6",0.0402684563758389,0.0402684563758389,0.0369127516778524,0.0201342281879195,0.0167785234899329,0.023489932885906,0.0134228187919463,0.0536912751677852,0.0201342281879195,0.130872483221477,0.157718120805369,0.0570469798657718,0.0268456375838926,0.087248322147651,0.0302013422818792,0.087248322147651,0.0402684563758389,0.023489932885906,0.0201342281879195,0.0738255033557047
"Q7TQA4",0.0528052805280528,0.0297029702970297,0.0627062706270627,0.0198019801980198,0.0132013201320132,0.0132013201320132,0.0165016501650165,0.0198019801980198,0.0231023102310231,0.105610561056106,0.141914191419142,0.0429042904290429,0.033003300330033,0.0924092409240924,0.0132013201320132,0.108910891089109,0.0759075907590759,0.0264026402640264,0.0198019801980198,0.0891089108910891
"Q675B9",0.0535117056856187,0.040133779264214,0.0334448160535117,0.020066889632107,0.0234113712374582,0.020066889632107,0.0301003344481605,0.0234113712374582,0.0367892976588629,0.103678929765886,0.190635451505017,0.0501672240802676,0.0434782608695652,0.0702341137123746,0.0234113712374582,0.0702341137123746,0.040133779264214,0.0267558528428094,0.0367892976588629,0.0635451505016722
"Q7M710",0.0673400673400673,0.0404040404040404,0.0572390572390572,0.0303030303030303,0.0134680134680135,0.00673400673400673,0.0235690235690236,0.0168350168350168,0.0202020202020202,0.138047138047138,0.144781144781145,0.0505050505050505,0.0269360269360269,0.0774410774410774,0.0134680134680135,0.0942760942760943,0.0572390572390572,0.037037037037037,0.0303030303030303,0.0538720538720539
"Q646C5",0.0477815699658703,0.0341296928327645,0.0477815699658703,0.0238907849829352,0.0170648464163823,0.0204778156996587,0.0136518771331058,0.0307167235494881,0.0136518771331058,0.136518771331058,0.133105802047782,0.0614334470989761,0.0307167235494881,0.0887372013651877,0.0273037542662116,0.068259385665529,0.0614334470989761,0.0238907849829352,0.0409556313993174,0.0784982935153584
"Q7M712",0.0437710437710438,0.0336700336700337,0.0404040404040404,0.0303030303030303,0.0168350168350168,0.0101010101010101,0.0202020202020202,0.0471380471380471,0.0269360269360269,0.121212121212121,0.164983164983165,0.0437710437710438,0.0404040404040404,0.0841750841750842,0.0235690235690236,0.0875420875420875,0.0505050505050505,0.0202020202020202,0.0269360269360269,0.0673400673400673
"Q67ET4",0.0529801324503311,0.043046357615894,0.0596026490066225,0.0264900662251656,0.0198675496688742,0.00662251655629139,0.0231788079470199,0.0231788079470199,0.0198675496688742,0.115894039735099,0.155629139072848,0.0463576158940397,0.0298013245033113,0.0794701986754967,0.0132450331125828,0.0894039735099338,0.0562913907284768,0.0298013245033113,0.0198675496688742,0.0894039735099338
"Q9NYW6",0.04,0.0433333333333333,0.03,0.0166666666666667,0.02,0.03,0.0166666666666667,0.0566666666666667,0.03,0.09,0.166666666666667,0.0466666666666667,0.04,0.08,0.0233333333333333,0.0966666666666667,0.0733333333333333,0.0233333333333333,0.0266666666666667,0.05
