"","V1","V2","V3","V4","V5","V6","V7","V8","V9","V10","V11","V12","V13","V14","V15","V16","V17","V18","V19","V20"
"",0.010770784247728,0.012117132278694,0.141703130259172,0.0652978795018512,0.00403904409289801,0.0834735779198923,0.0696735106024907,0.00807808818579603,0.0309660047122181,0.133961629081117,0.0784247728037698,0.13901043419724,0.0171659373948166,0.0276001346348031,0.00471221810838102,0.0414002019522046,0.0454392460451027,0.00168293503870751,0.0585661393470212,0.0259171995960956
"P86148",0.010770784247728,0.012117132278694,0.141703130259172,0.0652978795018512,0.00403904409289801,0.0834735779198923,0.0696735106024907,0.00807808818579603,0.0309660047122181,0.133961629081117,0.0784247728037698,0.13901043419724,0.0171659373948166,0.0276001346348031,0.00471221810838102,0.0414002019522046,0.0454392460451027,0.00168293503870751,0.0585661393470212,0.0259171995960956
"Q00798",0.0455696202531646,0.0265822784810127,0.0784810126582278,0.0620253164556962,0.00590717299578059,0.135864978902954,0.0383966244725738,0.0253164556962025,0.0143459915611814,0.0734177215189873,0.0864978902953586,0.127848101265823,0.0291139240506329,0.0244725738396624,0.00590717299578059,0.0814345991561181,0.0472573839662447,0.00126582278481013,0.0383966244725738,0.0518987341772152
"Q9TV63",0.0988909426987061,0.0628465804066543,0.0360443622920518,0.0545286506469501,0.0055452865064695,0.176524953789279,0.0822550831792976,0.0184842883548983,0.0175600739371534,0.0434380776340111,0.118299445471349,0.120147874306839,0.0240295748613678,0.00739371534195933,0.000924214417744917,0.0462107208872458,0.044362292051756,0.00184842883548983,0.00739371534195933,0.033271719038817
"Q076A7",0.0961182994454713,0.0628465804066543,0.0360443622920518,0.0545286506469501,0.0055452865064695,0.176524953789279,0.0813308687615527,0.0194085027726433,0.0175600739371534,0.0480591497227357,0.117375231053604,0.120147874306839,0.0231053604436229,0.00831792975970425,0.000924214417744917,0.0452865064695009,0.0462107208872458,0.00184842883548983,0.00646950092421442,0.0323475046210721
"Q9TV62",0.0979667282809612,0.0619223659889094,0.0388170055452865,0.0563770794824399,0.0055452865064695,0.176524953789279,0.0822550831792976,0.0157116451016636,0.0194085027726433,0.0397412199630314,0.113678373382625,0.119223659889094,0.0249537892791128,0.00739371534195933,0.000924214417744917,0.0489833641404806,0.0434380776340111,0.00184842883548983,0.00646950092421442,0.0388170055452865
"Q9TV61",0.0961182994454713,0.0628465804066543,0.0360443622920518,0.0573012939001848,0.0055452865064695,0.175600739371534,0.0822550831792976,0.0157116451016636,0.0175600739371534,0.044362292051756,0.11460258780037,0.119223659889094,0.0249537892791128,0.00646950092421442,0.000924214417744917,0.0489833641404806,0.0452865064695009,0.00184842883548983,0.00831792975970425,0.0360443622920518
"Q8MJV1",0.0979667282809612,0.0637707948243993,0.0351201478743068,0.0545286506469501,0.0055452865064695,0.176524953789279,0.0831792975970425,0.0203327171903882,0.0166358595194085,0.0462107208872458,0.120147874306839,0.119223659889094,0.0212569316081331,0.00831792975970425,0.000924214417744917,0.0452865064695009,0.0452865064695009,0.00184842883548983,0.00646950092421442,0.0314232902033272
"Q8MJV0",0.0988909426987061,0.0619223659889094,0.0360443622920518,0.0582255083179298,0.0055452865064695,0.174676524953789,0.0813308687615527,0.0175600739371534,0.0194085027726433,0.044362292051756,0.115526802218115,0.119223659889094,0.0249537892791128,0.00646950092421442,0.000924214417744917,0.0462107208872458,0.044362292051756,0.00184842883548983,0.00831792975970425,0.0341959334565619
"Q5SX39",0.0979667282809612,0.0619223659889094,0.0397412199630314,0.0591497227356747,0.0055452865064695,0.173752310536044,0.0831792975970425,0.0166358595194085,0.0184842883548983,0.0415896487985213,0.115526802218115,0.119223659889094,0.0258780036968577,0.00739371534195933,0.000924214417744917,0.0480591497227357,0.0415896487985213,0.00184842883548983,0.00646950092421442,0.0351201478743068
"Q9BE41",0.0961182994454713,0.0628465804066543,0.0378927911275416,0.0545286506469501,0.0055452865064695,0.177449168207024,0.0813308687615527,0.0194085027726433,0.0166358595194085,0.0480591497227357,0.118299445471349,0.120147874306839,0.0231053604436229,0.00831792975970425,0.000924214417744917,0.0415896487985213,0.0480591497227357,0.00184842883548983,0.00646950092421442,0.0314232902033272
"Q076A4",0.0970149253731343,0.0625,0.0382462686567164,0.0569029850746269,0.00652985074626866,0.177238805970149,0.0830223880597015,0.0158582089552239,0.0177238805970149,0.0373134328358209,0.118470149253731,0.121268656716418,0.0186567164179104,0.00559701492537313,0.000932835820895522,0.0475746268656716,0.0485074626865672,0.00186567164179104,0.00746268656716418,0.0373134328358209
"Q5SX40",0.0942698706099815,0.0628465804066543,0.0378927911275416,0.0563770794824399,0.0055452865064695,0.176524953789279,0.0813308687615527,0.0184842883548983,0.0184842883548983,0.0489833641404806,0.11460258780037,0.119223659889094,0.0240295748613678,0.00646950092421442,0.000924214417744917,0.0480591497227357,0.0425138632162662,0.00184842883548983,0.00831792975970425,0.033271719038817
"Q9UKX2",0.0979667282809612,0.0628465804066543,0.0360443622920518,0.0545286506469501,0.00739371534195933,0.176524953789279,0.0822550831792976,0.0184842883548983,0.0166358595194085,0.0480591497227357,0.120147874306839,0.120147874306839,0.0212569316081331,0.00831792975970425,0.000924214417744917,0.044362292051756,0.0452865064695009,0.00184842883548983,0.0055452865064695,0.0314232902033272
"Q076A6",0.0971322849213691,0.061054579093432,0.0360777058279371,0.0573543015726179,0.00555041628122109,0.175763182238668,0.0814061054579093,0.0185013876040703,0.0185013876040703,0.0490286771507863,0.113783533765032,0.120259019426457,0.0249768732654949,0.00647548566142461,0.000925069380203515,0.0453283996299722,0.0462534690101758,0.00185013876040703,0.00832562442183164,0.0314523589269195
"Q29RW1",0.0976958525345622,0.0626728110599078,0.0387096774193548,0.0589861751152074,0.00552995391705069,0.173271889400922,0.0838709677419355,0.0165898617511521,0.0184331797235023,0.0414746543778802,0.115207373271889,0.119815668202765,0.0258064516129032,0.00737327188940092,0.000921658986175115,0.047926267281106,0.0414746543778802,0.00184331797235023,0.00645161290322581,0.0359447004608295
"P13542",0.0974930362116992,0.0631383472609099,0.0399257195914578,0.0547818012999072,0.0074280408542247,0.179201485608171,0.0817084493964717,0.0157845868152275,0.0185701021355617,0.0408542246982358,0.119777158774373,0.118848653667595,0.0157845868152275,0.00649953574744661,0.000928505106778087,0.0464252553389044,0.0445682451253482,0.00185701021355617,0.0074280408542247,0.0389972144846797
"Q28641",0.0988909426987061,0.0619223659889094,0.0360443622920518,0.0573012939001848,0.00646950092421442,0.176524953789279,0.0804066543438078,0.0157116451016636,0.0194085027726433,0.0434380776340111,0.113678373382625,0.119223659889094,0.0240295748613678,0.00739371534195933,0.000924214417744917,0.0471349353049908,0.044362292051756,0.00184842883548983,0.00739371534195933,0.0378927911275416
"Q02566",0.0948434622467772,0.0607734806629834,0.0432780847145488,0.0561694290976059,0.00460405156537753,0.179558011049724,0.0773480662983425,0.0174953959484346,0.0174953959484346,0.0331491712707182,0.124309392265193,0.122467771639042,0.0239410681399632,0.0101289134438306,0.000920810313075506,0.0478821362799263,0.0386740331491713,0.00184162062615101,0.00828729281767956,0.0368324125230203
"Q9BE40",0.0961182994454713,0.0619223659889094,0.0351201478743068,0.0582255083179298,0.0055452865064695,0.175600739371534,0.0822550831792976,0.0166358595194085,0.0175600739371534,0.0480591497227357,0.115526802218115,0.120147874306839,0.0231053604436229,0.00739371534195933,0.000924214417744917,0.0480591497227357,0.0471349353049908,0.00184842883548983,0.00739371534195933,0.0314232902033272
"P13535",0.0928505106778087,0.0622098421541318,0.0389972144846797,0.0538532961931291,0.00649953574744661,0.179201485608171,0.0835654596100279,0.0167130919220056,0.0167130919220056,0.0380687093779016,0.122562674094708,0.118848653667595,0.0167130919220056,0.00649953574744661,0.000928505106778087,0.0519962859795729,0.0436397400185701,0.00278551532033426,0.0074280408542247,0.0399257195914578
"P12882",0.0961182994454713,0.0628465804066543,0.0351201478743068,0.0573012939001848,0.00646950092421442,0.177449168207024,0.0822550831792976,0.0157116451016636,0.0175600739371534,0.0499075785582255,0.11275415896488,0.121072088724584,0.0240295748613678,0.00739371534195933,0.000924214417744917,0.0462107208872458,0.0462107208872458,0.00184842883548983,0.00739371534195933,0.0314232902033272
"Q076A5",0.0967741935483871,0.0617511520737327,0.0377880184331797,0.0552995391705069,0.00552995391705069,0.176958525345622,0.0829493087557604,0.0165898617511521,0.0193548387096774,0.03963133640553,0.116129032258065,0.12073732718894,0.0221198156682028,0.00737327188940092,0.000921658986175115,0.0470046082949309,0.0460829493087558,0.00184331797235023,0.00645161290322581,0.0387096774193548
"P12883",0.0985267034990792,0.0662983425414365,0.0423572744014733,0.0552486187845304,0.00552486187845304,0.177716390423573,0.0773480662983425,0.0165745856353591,0.0156537753222836,0.0322283609576427,0.128913443830571,0.116022099447514,0.0230202578268877,0.00828729281767956,0.000920810313075506,0.0488029465930018,0.0405156537753223,0.00184162062615101,0.00736648250460405,0.0368324125230203
"P79293",0.0985267034990792,0.065377532228361,0.0414364640883978,0.0552486187845304,0.00552486187845304,0.177716390423573,0.076427255985267,0.0174953959484346,0.0165745856353591,0.0313075506445672,0.129834254143646,0.116022099447514,0.0230202578268877,0.00828729281767956,0.000920810313075506,0.0478821362799263,0.0423572744014733,0.00184162062615101,0.00736648250460405,0.0368324125230203
"Q9BE39",0.0985267034990792,0.065377532228361,0.0414364640883978,0.0552486187845304,0.00552486187845304,0.177716390423573,0.0773480662983425,0.0165745856353591,0.0156537753222836,0.0322283609576427,0.131675874769797,0.116022099447514,0.0211786372007366,0.00828729281767956,0.000920810313075506,0.0488029465930018,0.0414364640883978,0.00184162062615101,0.00736648250460405,0.0368324125230203
"Q91Z83",0.0985267034990792,0.065377532228361,0.0414364640883978,0.0570902394106814,0.00552486187845304,0.175874769797422,0.0773480662983425,0.0174953959484346,0.0156537753222836,0.0331491712707182,0.128913443830571,0.116022099447514,0.0230202578268877,0.00828729281767956,0.000920810313075506,0.0478821362799263,0.0414364640883978,0.00184162062615101,0.00736648250460405,0.0368324125230203
"P49824",0.10036832412523,0.065377532228361,0.0414364640883978,0.0561694290976059,0.00552486187845304,0.176795580110497,0.0773480662983425,0.0174953959484346,0.0156537753222836,0.0331491712707182,0.128913443830571,0.116022099447514,0.0220994475138122,0.00828729281767956,0.000920810313075506,0.0469613259668508,0.0414364640883978,0.00184162062615101,0.00736648250460405,0.0368324125230203
"Q8MJU9",0.0985267034990792,0.0644567219152855,0.0405156537753223,0.0570902394106814,0.00552486187845304,0.176795580110497,0.076427255985267,0.0165745856353591,0.0165745856353591,0.0331491712707182,0.129834254143646,0.116942909760589,0.0220994475138122,0.00828729281767956,0.000920810313075506,0.0478821362799263,0.0423572744014733,0.00184162062615101,0.00736648250460405,0.0368324125230203
"P13540",0.0976058931860037,0.0635359116022099,0.0423572744014733,0.0580110497237569,0.00644567219152855,0.174953959484346,0.0773480662983425,0.0174953959484346,0.0156537753222836,0.0331491712707182,0.127992633517495,0.116022099447514,0.0230202578268877,0.00828729281767956,0.000920810313075506,0.0488029465930018,0.0423572744014733,0.00184162062615101,0.00736648250460405,0.0368324125230203
"P02563",0.0979667282809612,0.0619223659889094,0.0415896487985213,0.0563770794824399,0.00462107208872458,0.178373382624769,0.0785582255083179,0.0175600739371534,0.0166358595194085,0.033271719038817,0.124768946395564,0.121996303142329,0.0212569316081331,0.0101663585951941,0.000924214417744917,0.044362292051756,0.0397412199630314,0.00277264325323475,0.00831792975970425,0.0388170055452865
"P02564",0.0976058931860037,0.0662983425414365,0.0432780847145488,0.0589318600368324,0.00552486187845304,0.174033149171271,0.0773480662983425,0.0174953959484346,0.0156537753222836,0.0331491712707182,0.128913443830571,0.115101289134438,0.0220994475138122,0.00828729281767956,0.000920810313075506,0.0469613259668508,0.0405156537753223,0.00184162062615101,0.00736648250460405,0.0386740331491713
"P13533",0.0933456561922366,0.0619223659889094,0.0425138632162662,0.0545286506469501,0.00462107208872458,0.180221811460259,0.0794824399260629,0.0184842883548983,0.0147874306839187,0.033271719038817,0.124768946395564,0.121996303142329,0.0212569316081331,0.0101663585951941,0.000924214417744917,0.0489833641404806,0.0378927911275416,0.00184842883548983,0.00831792975970425,0.0406654343807763
"P13539",0.0951940850277264,0.0609981515711645,0.0434380776340111,0.0545286506469501,0.00462107208872458,0.180221811460259,0.0785582255083179,0.0175600739371534,0.0166358595194085,0.0323475046210721,0.122920517560074,0.121072088724584,0.022181146025878,0.011090573012939,0.000924214417744917,0.0471349353049908,0.0406654343807763,0.00184842883548983,0.00831792975970425,0.0397412199630314
"Q9Y623",0.0943570767807586,0.059204440333025,0.0360777058279371,0.0564292321924144,0.00647548566142461,0.172062904717854,0.0804810360777058,0.0194264569842738,0.0194264569842738,0.0397779833487512,0.11840888066605,0.122109158186864,0.0259019426456984,0.00832562442183164,0.000925069380203515,0.0490286771507863,0.0481036077705828,0.00185013876040703,0.00647548566142461,0.0351526364477336
"P02565",0.0985130111524164,0.0585501858736059,0.033457249070632,0.0604089219330855,0.00650557620817844,0.171003717472119,0.0836431226765799,0.0176579925650558,0.016728624535316,0.0436802973977695,0.114312267657993,0.12546468401487,0.0223048327137546,0.00743494423791822,0.00185873605947955,0.0539033457249071,0.04182156133829,0.00185873605947955,0.00743494423791822,0.033457249070632
"P13538",0.0957642725598527,0.0598526703499079,0.0359116022099447,0.0570902394106814,0.00644567219152855,0.175874769797422,0.0791896869244936,0.0193370165745856,0.0193370165745856,0.0423572744014733,0.116942909760589,0.123388581952118,0.0239410681399632,0.00736648250460405,0.000920810313075506,0.0451197053406998,0.0451197053406998,0.00184162062615101,0.00736648250460405,0.0368324125230203
"Q90339",0.0981481481481482,0.0601851851851852,0.0361111111111111,0.0564814814814815,0.00462962962962963,0.175925925925926,0.0814814814814815,0.0222222222222222,0.0138888888888889,0.0324074074074074,0.112962962962963,0.122222222222222,0.025,0.00462962962962963,0.000925925925925926,0.0527777777777778,0.0407407407407407,0.00185185185185185,0.0111111111111111,0.0462962962962963
"C0H5F4",0.0188323917137476,0.0131826741996234,0.139359698681733,0.0753295668549906,0.00423728813559322,0.0988700564971751,0.0329566854990584,0.0108286252354049,0.0202448210922787,0.12758945386064,0.089924670433145,0.132768361581921,0.0216572504708098,0.0244821092278719,0.0051789077212806,0.0597928436911488,0.0451977401129944,0.000470809792843691,0.0480225988700565,0.0310734463276836
"Q9UKX3",0.084949215143121,0.0646352723915051,0.0378578024007387,0.0544783010156971,0.00738688827331487,0.175438596491228,0.0858725761772853,0.0175438596491228,0.0184672206832872,0.0350877192982456,0.124653739612188,0.116343490304709,0.0221606648199446,0.00646352723915051,0.000923361034164358,0.0609418282548476,0.0433979686057248,0.00184672206832872,0.00554016620498615,0.03601108033241
"Q00799",0.0351919561243144,0.0191956124314442,0.106032906764168,0.0594149908592322,0.00228519195612431,0.122029250457038,0.0443327239488117,0.0223948811700183,0.0182815356489945,0.086837294332724,0.0872943327239488,0.141681901279708,0.0146252285191956,0.0223948811700183,0.00822669104204753,0.076782449725777,0.0653564899451554,0,0.0242230347349177,0.043418647166362
"Q8I4R2",0.0198466396030672,0.0207487595850248,0.141181777176364,0.0626973387460532,0.006765899864682,0.0996842580063148,0.0234551195308976,0.0171402796571944,0.015787099684258,0.116824537663509,0.0983310780333784,0.129905277401894,0.0279657194406856,0.027063599458728,0.0054127198917456,0.0649526387009472,0.0387911592241768,0.002255299954894,0.047361299052774,0.03382949932341
"Q8NWQ6",0.142600089968511,0.0206927575348628,0.111560953666217,0.0823211875843455,0,0.0589293747188484,0.123256860098965,0.0229419703103914,0.0197930724246514,0.0629779577147998,0.0814215024741341,0.0769230769230769,0.00899685110211426,0.00584795321637427,0.0161943319838057,0.0350877192982456,0.0701754385964912,0.000449842555105713,0.00899685110211426,0.0508322087269456
"Q2FH04",0.142539964476021,0.0199822380106572,0.113676731793961,0.0812611012433393,0,0.0568383658969805,0.127442273534636,0.0253108348134991,0.0186500888099467,0.0603907637655417,0.0817051509769094,0.0763765541740675,0.00932504440497336,0.00577264653641208,0.0173179396092362,0.0328596802841918,0.0692717584369449,0.00044404973357016,0.00932504440497336,0.0515097690941385
"A8Z414",0.142539964476021,0.0199822380106572,0.113676731793961,0.0812611012433393,0,0.0568383658969805,0.127442273534636,0.0253108348134991,0.0186500888099467,0.0603907637655417,0.0817051509769094,0.0763765541740675,0.00932504440497336,0.00577264653641208,0.0173179396092362,0.0328596802841918,0.0692717584369449,0.00044404973357016,0.00932504440497336,0.0515097690941385
"Q8CP76",0.0946196660482375,0.0236549165120594,0.124768089053803,0.0793135435992579,0,0.0691094619666048,0.0941558441558442,0.0199443413729128,0.0241187384044527,0.0760667903525046,0.0885899814471243,0.089517625231911,0.0153061224489796,0.00974025974025974,0.0120593692022263,0.0598330241187384,0.0556586270871985,0,0.0194805194805195,0.0440630797773655
"Q5HPA2",0.0946196660482375,0.0236549165120594,0.124768089053803,0.0793135435992579,0,0.0691094619666048,0.0941558441558442,0.0199443413729128,0.0241187384044527,0.076530612244898,0.0885899814471243,0.089517625231911,0.0148423005565863,0.00974025974025974,0.0120593692022263,0.0598330241187384,0.0556586270871985,0,0.0194805194805195,0.0440630797773655
"O61308",0.0669856459330144,0.101674641148325,0.0466507177033493,0.0681818181818182,0.00598086124401914,0.146531100478469,0.0681818181818182,0.0167464114832536,0.0191387559808612,0.0496411483253589,0.102870813397129,0.083133971291866,0.0227272727272727,0.0113636363636364,0.00299043062200957,0.0651913875598086,0.0520334928229665,0.00299043062200957,0.0155502392344498,0.0514354066985646
"Q02224",0.0314401622718053,0.0441176470588235,0.0527383367139959,0.0456389452332657,0.00709939148073022,0.164807302231237,0.0887423935091278,0.00912778904665314,0.0248478701825558,0.063894523326572,0.116632860040568,0.130831643002028,0.0278904665314402,0.0177484787018256,0.00912778904665314,0.0588235294117647,0.0567951318458418,0.00152129817444219,0.00963488843813387,0.0385395537525355
"Q2FYJ6",0.142733188720174,0.0212581344902386,0.11236442516269,0.0793926247288503,0,0.0616052060737527,0.123644251626898,0.024295010845987,0.0195227765726681,0.0633405639913232,0.0815618221258134,0.0776572668112798,0.00954446854663774,0.0052060737527115,0.0160520607375271,0.0338394793926247,0.0698481561822126,0.000433839479392625,0.00867678958785249,0.0490238611713666
"P24733",0.0995305164319249,0.0779342723004695,0.0488262910798122,0.0685446009389671,0.00469483568075117,0.171830985915493,0.0854460093896714,0.0234741784037559,0.0150234741784038,0.0328638497652582,0.105164319248826,0.107042253521127,0.0272300469483568,0.00938967136150235,0,0.0591549295774648,0.0272300469483568,0.00187793427230047,0.00469483568075117,0.0300469483568075
"Q6GGX3",0.142601698703621,0.0196691998211891,0.113544926240501,0.0795708538220831,0,0.0625838176128744,0.124273580688422,0.0227983907018328,0.0201162270898525,0.0652659812248547,0.0835940992400536,0.0768886902101028,0.00894054537326777,0.00581135449262405,0.0151989271345552,0.0317389360751006,0.070183281180152,0.000447027268663388,0.00804649083594099,0.0487259722843093
"Q9Y2K3",0.0803324099722992,0.0637119113573407,0.0415512465373961,0.0397045244690674,0.00831024930747922,0.171745152354571,0.0914127423822715,0.023084025854109,0.0147737765466297,0.0277008310249307,0.136657433056325,0.108956602031394,0.0184672206832872,0.0101569713758079,0.000923361034164358,0.0590951061865189,0.0461680517082179,0.00369344413665743,0.00831024930747922,0.0452446906740536
"P05661",0.114035087719298,0.0798245614035088,0.0482456140350877,0.0596491228070175,0.00350877192982456,0.159649122807018,0.0868421052631579,0.0271929824561404,0.0166666666666667,0.0368421052631579,0.123684210526316,0.110526315789474,0.00789473684210526,0.00964912280701754,0.00175438596491228,0.0394736842105263,0.0280701754385965,0.00614035087719298,0.00789473684210526,0.0324561403508772
"A6U1Q5",0.142982072584171,0.0205509400961959,0.110625273283778,0.0804547442063839,0,0.0607783121993878,0.123742894621775,0.0244862264975951,0.0196764320069961,0.0647135986007871,0.0813292522955837,0.0787057280279843,0.00918233493659816,0.00568430257979886,0.0161783996501968,0.0341058154787932,0.0673371228683865,0.000437254044599913,0.00918233493659816,0.04984696108439
"A5ISW6",0.142982072584171,0.0205509400961959,0.110625273283778,0.0804547442063839,0,0.0607783121993878,0.123742894621775,0.0244862264975951,0.0196764320069961,0.0647135986007871,0.0813292522955837,0.0787057280279843,0.00918233493659816,0.00568430257979886,0.0161783996501968,0.0341058154787932,0.0673371228683865,0.000437254044599913,0.00918233493659816,0.04984696108439
"Q91ZU6",0.0731021555763824,0.0356138706654171,0.0365510777881912,0.0590440487347704,0.0098406747891284,0.112464854732896,0.0965323336457357,0.03514526710403,0.0192127460168697,0.0309278350515464,0.13261480787254,0.0923149015932521,0.0178069353327085,0.021087160262418,0.0178069353327085,0.0768509840674789,0.0613870665417057,0.0103092783505155,0.0107778819119025,0.0506091846298032
"P10587",0.100832562442183,0.0684551341350601,0.0370027752081406,0.0536540240518039,0.000925069380203515,0.187789084181314,0.0980573543015726,0.00925069380203515,0.0129509713228492,0.0240518038852914,0.129509713228492,0.123959296947271,0.0194264569842738,0.00647548566142461,0.000925069380203515,0.0434782608695652,0.0453283996299722,0,0.00555041628122109,0.032377428307123
"Q5HFY8",0.14070796460177,0.0207964601769912,0.113716814159292,0.0805309734513274,0,0.0615044247787611,0.121238938053097,0.0261061946902655,0.0190265486725664,0.0632743362831858,0.0787610619469027,0.0769911504424779,0.00929203539823009,0.00530973451327434,0.0150442477876106,0.0353982300884956,0.0699115044247788,0.000442477876106195,0.00973451327433628,0.052212389380531
"F1MA98",0.0616621983914209,0.0650134048257373,0.0502680965147453,0.0408847184986595,0.00402144772117962,0.157506702412869,0.0991957104557641,0.0167560321715818,0.0154155495978552,0.0375335120643432,0.130697050938338,0.10656836461126,0.0201072386058981,0.00804289544235925,0.00938337801608579,0.0596514745308311,0.0576407506702413,0.00268096514745308,0.0113941018766756,0.0455764075067024
"P24043",0.118712273641851,0.0422535211267606,0.0784708249496982,0.0925553319919517,0.00402414486921529,0.106639839034205,0.03420523138833,0.0362173038229376,0.00804828973843058,0.062374245472837,0.104627766599598,0.122736418511066,0.00804828973843058,0.0120724346076459,0.0120724346076459,0.0442655935613682,0.0482897384305835,0.00201207243460765,0.0140845070422535,0.0482897384305835
"F6ZDS4",0.0607882431529726,0.0647962591850367,0.0487641950567802,0.042752171008684,0.00400801603206413,0.156980627922512,0.102872411489646,0.0167000668002672,0.0160320641282565,0.0367401469605878,0.130260521042084,0.104876419505678,0.01937207748831,0.00801603206412826,0.00935203740814963,0.0594522378089512,0.0587842351369405,0.00267201068804275,0.0113560454241817,0.0454241816967268
"P02566",0.110192837465565,0.0707070707070707,0.0449954086317723,0.0697887970615243,0,0.160697887970615,0.0918273645546373,0.0312213039485767,0.014692378328742,0.0293847566574839,0.120293847566575,0.112947658402204,0.00734618916437098,0.0119375573921028,0.000918273645546373,0.0532598714416896,0.0275482093663912,0.00275482093663912,0.00550964187327824,0.0339761248852158
"F1PT61",0.0884871550903901,0.077069457659372,0.0390104662226451,0.0504281636536632,0.00285442435775452,0.173168411037108,0.0723120837297812,0.0180780209324453,0.0209324452901998,0.0333016175071361,0.122740247383444,0.102759276879163,0.0285442435775452,0.00475737392959087,0.000951474785918173,0.0608943862987631,0.0504281636536632,0.00285442435775452,0.0104662226450999,0.0399619410085633
"Q99323",0.104186046511628,0.0697674418604651,0.04,0.053953488372093,0.0027906976744186,0.194418604651163,0.0827906976744186,0.012093023255814,0.0102325581395349,0.0325581395348837,0.133953488372093,0.12,0.0148837209302326,0.0027906976744186,0,0.0418604651162791,0.0502325581395349,0,0.00465116279069767,0.0288372093023256
"P35579",0.0994475138121547,0.070902394106814,0.0322283609576427,0.0515653775322284,0.00736648250460405,0.188766114180479,0.0976058931860037,0.0138121546961326,0.0119705340699816,0.0230202578268877,0.131675874769797,0.120626151012891,0.0230202578268877,0.00552486187845304,0.000920810313075506,0.0441988950276243,0.0395948434622468,0,0.00368324125230203,0.0340699815837937
"Q258K2",0.10036832412523,0.0718232044198895,0.0322283609576427,0.0524861878453039,0.00644567219152855,0.187845303867403,0.0976058931860037,0.0156537753222836,0.0101289134438306,0.0220994475138122,0.128913443830571,0.121546961325967,0.0267034990791897,0.00644567219152855,0.000920810313075506,0.0405156537753223,0.0414364640883978,0,0.00368324125230203,0.0331491712707182
"Q8VDD5",0.103512014787431,0.0720887245841035,0.0295748613678373,0.0536044362292052,0.0055452865064695,0.186691312384473,0.0951940850277264,0.0138632162661738,0.011090573012939,0.0231053604436229,0.132162661737523,0.119223659889094,0.0258780036968577,0.00646950092421442,0.000924214417744917,0.0471349353049908,0.0406654343807763,0,0.00369685767097967,0.0295748613678373
"P21249",0.0606575963718821,0.0986394557823129,0.0714285714285714,0.0793650793650794,0.00170068027210884,0.130385487528345,0.0629251700680272,0.0175736961451247,0.0187074829931973,0.0651927437641723,0.115646258503401,0.0878684807256236,0.0187074829931973,0.0136054421768707,0.00736961451247166,0.0493197278911565,0.0487528344671202,0.00283446712018141,0.0164399092970522,0.0328798185941043
"Q9JLT0",0.10586011342155,0.0737240075614367,0.0340264650283554,0.055765595463138,0.000945179584120983,0.190926275992439,0.0926275992438563,0.0179584120982987,0.0103969754253308,0.0236294896030246,0.133270321361059,0.121928166351607,0.0179584120982987,0.0103969754253308,0,0.0378071833648393,0.0349716446124764,0,0.00378071833648393,0.0340264650283554
"P02567",0.104421448730009,0.0809031044214487,0.0517403574788335,0.0611476952022578,0.00188146754468485,0.16274694261524,0.083725305738476,0.0206961429915334,0.0188146754468485,0.0526810912511759,0.0997177798682973,0.102539981185325,0.0122295390404516,0.0103480714957667,0,0.0573847601128881,0.0291627469426152,0.00188146754468485,0.00658513640639699,0.0413922859830668
"Q61879",0.10586011342155,0.0737240075614367,0.0340264650283554,0.055765595463138,0.000945179584120983,0.19187145557656,0.0926275992438563,0.0160680529300567,0.0103969754253308,0.0245746691871456,0.133270321361059,0.121928166351607,0.0170132325141777,0.0103969754253308,0,0.0387523629489603,0.0349716446124764,0,0.00378071833648393,0.0340264650283554
"Q54G05",0.00245298446443173,0.0106295993458708,0.141455437448896,0.0654129190515127,0.00163532297628782,0.155355682747343,0.117743254292723,0.00245298446443173,0.00899427636958299,0.0866721177432543,0.143090760425184,0.113654946852003,0.00408830744071954,0.00735895339329518,0.000817661488143908,0.101390024529845,0.0163532297628782,0.000817661488143908,0.00490596892886345,0.0147179067865904
"Q27991",0.108388312912347,0.0763430725730443,0.0320452403393025,0.0527803958529689,0.00188501413760603,0.194156456173421,0.0951932139491046,0.0150801131008483,0.0113100848256362,0.0282752120640905,0.133836003770028,0.117813383600377,0.0169651272384543,0.00754005655042413,0,0.0405278039585297,0.0320452403393025,0,0.00377002827521206,0.0320452403393025
"P35580",0.109433962264151,0.0745283018867925,0.0330188679245283,0.0528301886792453,0.00188679245283019,0.194339622641509,0.0933962264150943,0.0141509433962264,0.0113207547169811,0.0264150943396226,0.133962264150943,0.121698113207547,0.0169811320754717,0.00849056603773585,0,0.0424528301886792,0.0320754716981132,0,0.00377358490566038,0.0292452830188679
"P12844",0.108716026241799,0.0768509840674789,0.0506091846298032,0.0590440487347704,0.00187441424554827,0.170571696344892,0.0834114339268978,0.0187441424554827,0.0196813495782568,0.0431115276476101,0.11340206185567,0.100281162136832,0.0103092783505155,0.0131208997188379,0,0.0534208059981256,0.0365510777881912,0.00187441424554827,0.00656044985941893,0.0318650421743205
"P14105",0.103225806451613,0.0709677419354839,0.032258064516129,0.0543778801843318,0.00368663594470046,0.186175115207373,0.0967741935483871,0.0119815668202765,0.0101382488479263,0.0313364055299539,0.126267281105991,0.121658986175115,0.0248847926267281,0.00737327188940092,0.000921658986175115,0.0414746543778802,0.0368663594470046,0,0.00460829493087558,0.0350230414746544
"Q8N4C6",0.0458952811893988,0.0549450549450549,0.0478345184227537,0.0342598577892696,0.0174531351001939,0.168713639301875,0.10213316095669,0.0245636716224952,0.0277957336780866,0.0297349709114415,0.135746606334842,0.0872656755009696,0.0239172592113769,0.0129282482223659,0.0129282482223659,0.0652876535229476,0.0465416936005171,0.00646412411118293,0.00904977375565611,0.0465416936005171
"P49025",0.0810810810810811,0.0773955773955774,0.0319410319410319,0.0479115479115479,0.0085995085995086,0.164619164619165,0.101965601965602,0.0110565110565111,0.027027027027027,0.0331695331695332,0.136363636363636,0.0982800982800983,0.0294840294840295,0.00982800982800983,0.00368550368550369,0.0577395577395577,0.0380835380835381,0.00245700245700246,0.00982800982800983,0.0294840294840295
"Q8TDM6",0.0698151950718686,0.0924024640657084,0.0369609856262834,0.0780287474332649,0.0123203285420945,0.13347022587269,0.0759753593429158,0.0143737166324435,0.026694045174538,0.0287474332648871,0.129363449691992,0.080082135523614,0.0246406570841889,0.0143737166324435,0.00616016427104723,0.0574948665297741,0.0513347022587269,0.00616016427104723,0.0184804928131417,0.0431211498973306
"F4JZY1",0.0544412607449857,0.0429799426934097,0.0393982808022923,0.0451289398280802,0.000716332378223496,0.186962750716332,0.0680515759312321,0.0207736389684814,0.0236389684813754,0.0479942693409742,0.117478510028653,0.0995702005730659,0.0193409742120344,0.00644699140401146,0,0.115329512893983,0.0537249283667622,0.000716332378223496,0.00644699140401146,0.0508595988538682
"A1Z8P9",0.0771312584573748,0.0629228687415426,0.0602165087956698,0.0480378890392422,0.0074424898511502,0.147496617050068,0.0717185385656292,0.0155615696887686,0.0175913396481732,0.0426251691474966,0.128552097428958,0.0987821380243572,0.0196211096075778,0.0162381596752368,0.0087956698240866,0.0683355886332882,0.0588633288227334,0.0013531799729364,0.016914749661705,0.0317997293640054
"P02562",0.096171802054155,0.0634920634920635,0.03828197945845,0.061624649859944,0.00560224089635854,0.173669467787115,0.0802987861811391,0.0177404295051354,0.0205415499533147,0.0401493930905696,0.110177404295051,0.11671335200747,0.0252100840336134,0.00746965452847806,0,0.0532212885154062,0.0448179271708683,0.00186741363211951,0.00466853408029879,0.03828197945845
"P12847",0.0932594644506002,0.0655586334256694,0.0323176361957525,0.0554016620498615,0.00554016620498615,0.175438596491228,0.0821791320406279,0.0156971375807941,0.0156971375807941,0.0332409972299169,0.131117266851339,0.117266851338874,0.0101569713758079,0.0110803324099723,0.000923361034164358,0.0563250230840259,0.0507848568790397,0.00184672206832872,0.00831024930747922,0.0378578024007387
"P13541",0.0941828254847645,0.0655586334256694,0.0323176361957525,0.0554016620498615,0.00646352723915051,0.175438596491228,0.0821791320406279,0.0156971375807941,0.0156971375807941,0.0332409972299169,0.131117266851339,0.117266851338874,0.0110803324099723,0.0110803324099723,0.000923361034164358,0.0554016620498615,0.0498614958448753,0.00184672206832872,0.00831024930747922,0.0369344413665743
"P11055",0.0923361034164358,0.0646352723915051,0.0332409972299169,0.0554016620498615,0.00554016620498615,0.178208679593721,0.0803324099722992,0.0166204986149584,0.0156971375807941,0.0332409972299169,0.130193905817175,0.120036934441367,0.0110803324099723,0.012927054478301,0.000923361034164358,0.0544783010156971,0.048938134810711,0.00184672206832872,0.00738688827331487,0.0369344413665743
"Q076A3",0.0866359447004608,0.0654377880184332,0.0331797235023042,0.0571428571428571,0.00645161290322581,0.172350230414747,0.0884792626728111,0.0202764976958525,0.0175115207373272,0.0341013824884793,0.128110599078341,0.115207373271889,0.0175115207373272,0.00460829493087558,0.000921658986175115,0.0635944700460829,0.03963133640553,0.00184331797235023,0.00552995391705069,0.0414746543778802
"P29616",0.0909090909090909,0.0602968460111317,0.0435992578849722,0.0602968460111317,0.00463821892393321,0.167903525046382,0.0788497217068646,0.0213358070500928,0.0176252319109462,0.0333951762523191,0.130797773654917,0.125231910946197,0.023191094619666,0.00742115027829314,0.000927643784786642,0.0528756957328386,0.0408163265306122,0.00278293135435993,0.00927643784786642,0.0278293135435993
"A7E2Y1",0.146950092421442,0.0924214417744917,0.0184842883548983,0.0434380776340111,0.00831792975970425,0.184842883548983,0.0804066543438078,0.0295748613678373,0.0166358595194085,0.011090573012939,0.146950092421442,0.0905730129390018,0.0120147874306839,0.00369685767097967,0.000924214417744917,0.0415896487985213,0.0360443622920518,0.000924214417744917,0.00462107208872458,0.0304990757855823
"A2AQP0",0.138632162661738,0.0933456561922366,0.0184842883548983,0.044362292051756,0.00739371534195933,0.183918669131238,0.0813308687615527,0.0304990757855823,0.0147874306839187,0.011090573012939,0.146025878003697,0.0905730129390018,0.0120147874306839,0.00369685767097967,0.000924214417744917,0.0425138632162662,0.0388170055452865,0.000924214417744917,0.00462107208872458,0.0360443622920518
"Q99U54",0.142544818539571,0.0205509400961959,0.110188019239178,0.0804547442063839,0,0.0607783121993878,0.123742894621775,0.0244862264975951,0.0196764320069961,0.0647135986007871,0.0817665063401836,0.0787057280279843,0.00918233493659816,0.00568430257979886,0.0161783996501968,0.0341058154787932,0.0673371228683865,0.000437254044599913,0.00918233493659816,0.0502842151289899
"A7X2C3",0.142107564494972,0.020113686051596,0.110188019239178,0.0804547442063839,0,0.0607783121993878,0.123742894621775,0.0244862264975951,0.0196764320069961,0.0655881066899869,0.0817665063401836,0.0791429820725842,0.00918233493659816,0.00568430257979886,0.0161783996501968,0.0345430695233931,0.0664626147791867,0.000437254044599913,0.00918233493659816,0.0502842151289899
"Q931R6",0.142107564494972,0.020113686051596,0.110188019239178,0.0804547442063839,0,0.0607783121993878,0.123742894621775,0.0244862264975951,0.0196764320069961,0.0655881066899869,0.0817665063401836,0.0791429820725842,0.00918233493659816,0.00568430257979886,0.0161783996501968,0.0345430695233931,0.0664626147791867,0.000437254044599913,0.00918233493659816,0.0502842151289899
"P12270",0.0632145258910558,0.0672494956287828,0.0477471418964358,0.0403496973772697,0.0047074646940148,0.160726294552791,0.100874243443174,0.0161398789509079,0.0174848688634835,0.0369872225958305,0.13315400134499,0.103564223268325,0.0181573638197714,0.00672494956287828,0.00672494956287828,0.0591795561533289,0.0531271015467384,0.00201748486886348,0.0121049092131809,0.0497646267652993
"Q14789",0.0554343081623745,0.0414666084679179,0.0440855521606285,0.0471409864687909,0.00523788738542121,0.162810999563509,0.104757747708424,0.0200785683107813,0.0196420776953296,0.0449585333915321,0.133129637712789,0.107813182016587,0.0174596246180707,0.0117852466171977,0.00742034046268005,0.084679179397643,0.0410301178524662,0.00261894369271061,0.0122217372326495,0.0362287210824967
"A6QGY4",0.14070796460177,0.0207964601769912,0.113716814159292,0.0805309734513274,0,0.0615044247787611,0.121238938053097,0.0261061946902655,0.0190265486725664,0.0632743362831858,0.0787610619469027,0.0769911504424779,0.00929203539823009,0.00530973451327434,0.0150442477876106,0.0353982300884956,0.0699115044247788,0.000442477876106195,0.00973451327433628,0.052212389380531
"Q13439",0.0519618239660657,0.0349946977730647,0.0360551431601273,0.0376458112407211,0.00848356309650053,0.176033934252386,0.105514316012725,0.0132555673382821,0.0238600212089077,0.0434782608695652,0.127783669141039,0.135737009544008,0.0217391304347826,0.0116648992576882,0.00477200424178155,0.0625662778366914,0.0498409331919406,0.00212089077412513,0.0116648992576882,0.0408271474019088
"Q9BV73",0.0992789794786467,0.0748752079866889,0.0155296727676095,0.0388241819190238,0.00499168053244592,0.174708818635607,0.151968940654465,0.0282861896838602,0.021630615640599,0.0199667221297837,0.151968940654465,0.0587909040488075,0.0149750415973378,0.00221852468108708,0.00332778702163062,0.0532445923460899,0.036051026067665,0.00554631170271769,0.00277315585135885,0.0410427066001109
"Q62812",0.104339796860572,0.0710987996306556,0.0313942751615882,0.0535549399815328,0.00646352723915051,0.1865189289012,0.0941828254847645,0.0138504155124654,0.0110803324099723,0.0240073868882733,0.132963988919668,0.119113573407202,0.0249307479224377,0.00646352723915051,0.000923361034164358,0.0461680517082179,0.038781163434903,0,0.00369344413665743,0.0304709141274238
"Q60LV4",0.10576015108593,0.0802644003777148,0.0462700661000944,0.0594900849858357,0.000944287063267233,0.174693106704438,0.0897072710103872,0.0198300283286119,0.0179414542020774,0.040604343720491,0.113314447592068,0.0991501416430595,0.0103871576959396,0.0132200188857413,0,0.0453257790368272,0.0377714825306893,0.0028328611898017,0.0056657223796034,0.0368271954674221
"Q60952",0.0995098039215686,0.0803921568627451,0.0142156862745098,0.0372549019607843,0.00882352941176471,0.16078431372549,0.142156862745098,0.0299019607843137,0.0230392156862745,0.0151960784313725,0.152941176470588,0.0563725490196078,0.0112745098039216,0.00490196078431373,0.00686274509803922,0.0602941176470588,0.0382352941176471,0.00931372549019608,0.00245098039215686,0.046078431372549
"Q9H6N6",0.0875486381322957,0.0729571984435798,0.0408560311284047,0.0505836575875486,0.00291828793774319,0.172178988326848,0.0719844357976654,0.014591439688716,0.0214007782101167,0.0340466926070039,0.124513618677043,0.107003891050584,0.0291828793774319,0.00486381322957198,0.000972762645914397,0.0554474708171206,0.0505836575875486,0.00486381322957198,0.0107003891050584,0.0428015564202335
"O15078",0.0548915449313856,0.0584329349269588,0.0553342186808322,0.0473660911907924,0.00486941124391324,0.145196989818504,0.0801239486498451,0.0216910137228862,0.0177069499778663,0.0566622399291722,0.133244798583444,0.124833997343958,0.0234617087206729,0.0110668437361664,0.0106241699867198,0.0584329349269588,0.0424966799468791,0.00398406374501992,0.0146082337317397,0.034971226206286
"Q91VW5",0.0747185261003071,0.0634595701125896,0.0194472876151484,0.0394063459570113,0.0112589559877175,0.166837256908905,0.109518935516888,0.0271238485158649,0.0209825997952917,0.0235414534288639,0.140225179119754,0.100818833162743,0.0194472876151484,0.00511770726714432,0.00870010235414534,0.0742067553735926,0.0440122824974411,0.00255885363357216,0.00665301944728762,0.0419651995905834
