"","V1","V2","V3","V4","V5","V6","V7","V8","V9","V10","V11","V12","V13","V14","V15","V16","V17","V18","V19","V20"
"",0.0582362728785358,0.064891846921797,0.0615640599001664,0.043261231281198,0.0249584026622296,0.0582362728785358,0.0366056572379368,0.0382695507487521,0.0249584026622296,0.0815307820299501,0.116472545757072,0.0482529118136439,0.0249584026622296,0.0515806988352745,0.0366056572379368,0.0615640599001664,0.0482529118136439,0.0166389351081531,0.0449251247920133,0.0582362728785358
"Q5QNI1",0.0582362728785358,0.064891846921797,0.0615640599001664,0.043261231281198,0.0249584026622296,0.0582362728785358,0.0366056572379368,0.0382695507487521,0.0249584026622296,0.0815307820299501,0.116472545757072,0.0482529118136439,0.0249584026622296,0.0515806988352745,0.0366056572379368,0.0615640599001664,0.0482529118136439,0.0166389351081531,0.0449251247920133,0.0582362728785358
"Q39128",0.0644067796610169,0.0576271186440678,0.0525423728813559,0.0627118644067797,0.011864406779661,0.0423728813559322,0.0305084745762712,0.0457627118644068,0.023728813559322,0.0813559322033898,0.108474576271186,0.0457627118644068,0.0220338983050847,0.0728813559322034,0.0355932203389831,0.0745762711864407,0.0593220338983051,0.0203389830508475,0.0406779661016949,0.0474576271186441
"Q6K3T2",0.0546139359698682,0.0602636534839925,0.0527306967984934,0.0414312617702448,0.0169491525423729,0.0602636534839925,0.0338983050847458,0.0376647834274953,0.0225988700564972,0.0790960451977401,0.116760828625235,0.0433145009416196,0.0225988700564972,0.0677966101694915,0.0395480225988701,0.0734463276836158,0.0602636534839925,0.0169491525423729,0.0376647834274953,0.0621468926553672
"Q38849",0.0593692022263451,0.0593692022263451,0.0426716141001855,0.0500927643784787,0.012987012987013,0.0482374768089054,0.0315398886827458,0.0556586270871985,0.0241187384044527,0.0649350649350649,0.105751391465677,0.0445269016697588,0.0204081632653061,0.0760667903525046,0.0371057513914657,0.0797773654916512,0.0593692022263451,0.0222634508348794,0.0408163265306122,0.0649350649350649
"Q38998",0.06553911205074,0.0718816067653277,0.0549682875264271,0.0486257928118393,0.0147991543340381,0.0359408033826638,0.0295983086680761,0.0443974630021142,0.0211416490486258,0.0634249471458774,0.12262156448203,0.0380549682875264,0.0295983086680761,0.0676532769556025,0.0338266384778013,0.0613107822410148,0.0613107822410148,0.0169133192389006,0.0443974630021142,0.0739957716701903
"Q0JKV1",0.0612244897959184,0.073469387755102,0.0469387755102041,0.0387755102040816,0.0122448979591837,0.0428571428571429,0.0428571428571429,0.0448979591836735,0.0142857142857143,0.073469387755102,0.110204081632653,0.0306122448979592,0.0244897959183673,0.063265306122449,0.0346938775510204,0.0795918367346939,0.0571428571428571,0.0183673469387755,0.0489795918367347,0.0816326530612245
"P0C550",0.0612244897959184,0.073469387755102,0.0469387755102041,0.0387755102040816,0.0122448979591837,0.0428571428571429,0.0428571428571429,0.0448979591836735,0.0142857142857143,0.073469387755102,0.110204081632653,0.0306122448979592,0.0244897959183673,0.063265306122449,0.0346938775510204,0.0795918367346939,0.0571428571428571,0.0183673469387755,0.0489795918367347,0.0816326530612245
"P92960",0.0626086956521739,0.0556521739130435,0.0434782608695652,0.0573913043478261,0.00347826086956522,0.0573913043478261,0.0417391304347826,0.0556521739130435,0.0243478260869565,0.0869565217391304,0.11304347826087,0.0504347826086957,0.0243478260869565,0.0608695652173913,0.0330434782608696,0.0573913043478261,0.0504347826086957,0.0139130434782609,0.0365217391304348,0.071304347826087
"Q5JM04",0.0599571734475375,0.0685224839400428,0.0364025695931477,0.0556745182012848,0.0171306209850107,0.0428265524625268,0.0406852248394004,0.0449678800856531,0.019271948608137,0.0663811563169165,0.122055674518201,0.0385438972162741,0.0214132762312634,0.0685224839400428,0.0428265524625268,0.0620985010706638,0.0535331905781585,0.0171306209850107,0.0449678800856531,0.0770877944325482
"A2ZX97",0.0811287477954145,0.0617283950617284,0.0264550264550265,0.0388007054673721,0.0123456790123457,0.0564373897707231,0.0299823633156966,0.0599647266313933,0.0246913580246914,0.0529100529100529,0.107583774250441,0.0511463844797178,0.037037037037037,0.0599647266313933,0.0335097001763668,0.0740740740740741,0.0617283950617284,0.0158730158730159,0.0282186948853616,0.0864197530864197
"Q652U9",0.072310405643739,0.0652557319223986,0.0299823633156966,0.037037037037037,0.0123456790123457,0.0599647266313933,0.0317460317460317,0.0493827160493827,0.0229276895943563,0.0705467372134039,0.111111111111111,0.0493827160493827,0.0388007054673721,0.0564373897707231,0.0317460317460317,0.072310405643739,0.0582010582010582,0.0194003527336861,0.0282186948853616,0.0828924162257496
"Q9SCX5",0.0708154506437768,0.0643776824034335,0.0450643776824034,0.0450643776824034,0.0150214592274678,0.0321888412017167,0.036480686695279,0.0493562231759657,0.0257510729613734,0.0643776824034335,0.124463519313305,0.0343347639484979,0.0214592274678112,0.0729613733905579,0.036480686695279,0.0622317596566524,0.0536480686695279,0.01931330472103,0.0472103004291846,0.0793991416309013
"Q8GXE6",0.0571428571428571,0.063265306122449,0.0387755102040816,0.0489795918367347,0.0122448979591837,0.0387755102040816,0.0387755102040816,0.0551020408163265,0.0224489795918367,0.063265306122449,0.120408163265306,0.0346938775510204,0.0244897959183673,0.0693877551020408,0.0408163265306122,0.0673469387755102,0.0530612244897959,0.0163265306122449,0.0469387755102041,0.0877551020408163
"Q8H569",0.0873180873180873,0.0727650727650728,0.0374220374220374,0.0436590436590437,0.0124740124740125,0.0457380457380457,0.0311850311850312,0.0457380457380457,0.0249480249480249,0.0686070686070686,0.112266112266112,0.0291060291060291,0.027027027027027,0.0686070686070686,0.0374220374220374,0.0644490644490645,0.0582120582120582,0.0166320166320166,0.0457380457380457,0.0706860706860707
"Q75HP9",0.0674846625766871,0.0736196319018405,0.0347648261758691,0.0511247443762781,0.016359918200409,0.0552147239263804,0.0347648261758691,0.0470347648261759,0.016359918200409,0.065439672801636,0.110429447852761,0.0388548057259714,0.032719836400818,0.0572597137014315,0.0388548057259714,0.0552147239263804,0.0531697341513292,0.0143149284253579,0.0449897750511247,0.0920245398773006
"Q38898",0.0525252525252525,0.0585858585858586,0.0545454545454545,0.0444444444444444,0.0222222222222222,0.0484848484848485,0.0383838383838384,0.0363636363636364,0.0181818181818182,0.0808080808080808,0.127272727272727,0.0404040404040404,0.0282828282828283,0.0525252525252525,0.0363636363636364,0.0707070707070707,0.0626262626262626,0.0161616161616162,0.0464646464646465,0.0646464646464646
"Q9Y3Q4",0.0475247524752475,0.0613861386138614,0.0415841584158416,0.0534653465346535,0.0178217821782178,0.0594059405940594,0.0435643564356436,0.0475247524752475,0.0297029702970297,0.0811881188118812,0.0910891089108911,0.0455445544554455,0.0455445544554455,0.0574257425742574,0.0356435643564356,0.0554455445544554,0.0534653465346535,0.0158415841584158,0.0435643564356436,0.0732673267326733
"Q9JKA7",0.0475247524752475,0.0633663366336634,0.0396039603960396,0.0514851485148515,0.0178217821782178,0.0594059405940594,0.0415841584158416,0.0495049504950495,0.0316831683168317,0.0811881188118812,0.0910891089108911,0.0455445544554455,0.0435643564356436,0.0574257425742574,0.0356435643564356,0.0554455445544554,0.0534653465346535,0.0158415841584158,0.0435643564356436,0.0752475247524752
"O88705",0.0706319702602231,0.0855018587360595,0.0204460966542751,0.0446096654275093,0.0148698884758364,0.0520446096654275,0.0371747211895911,0.0613382899628253,0.033457249070632,0.0557620817843866,0.117100371747212,0.0260223048327138,0.0427509293680297,0.0539033457249071,0.0483271375464684,0.0613382899628253,0.0446096654275093,0.016728624535316,0.033457249070632,0.0799256505576208
"Q9TV66",0.0479041916167665,0.0678642714570858,0.0399201596806387,0.0558882235528942,0.0179640718562874,0.0558882235528942,0.0399201596806387,0.0479041916167665,0.0279441117764471,0.0758483033932136,0.093812375249501,0.0459081836327345,0.0459081836327345,0.0558882235528942,0.0339321357285429,0.0578842315369262,0.0518962075848303,0.0159680638722555,0.0439121756487026,0.0778443113772455
"Q9P1Z3",0.0706319702602231,0.0799256505576208,0.0204460966542751,0.0446096654275093,0.0148698884758364,0.0520446096654275,0.0390334572490706,0.0594795539033457,0.0353159851301115,0.0594795539033457,0.117100371747212,0.0260223048327138,0.0408921933085502,0.0539033457249071,0.050185873605948,0.0613382899628253,0.0446096654275093,0.0185873605947955,0.033457249070632,0.0780669144981413
"Q9JKA8",0.0706319702602231,0.0855018587360595,0.0204460966542751,0.0446096654275093,0.0148698884758364,0.0520446096654275,0.0371747211895911,0.0613382899628253,0.033457249070632,0.0557620817843866,0.117100371747212,0.0260223048327138,0.0446096654275093,0.0539033457249071,0.0483271375464684,0.0613382899628253,0.0446096654275093,0.016728624535316,0.033457249070632,0.0780669144981413
"O88703",0.0444444444444444,0.0565656565656566,0.0404040404040404,0.0545454545454545,0.0181818181818182,0.0646464646464646,0.0404040404040404,0.0464646464646465,0.0262626262626263,0.0848484848484849,0.0909090909090909,0.0545454545454545,0.0484848484848485,0.0666666666666667,0.0282828282828283,0.0585858585858586,0.0464646464646465,0.0161616161616162,0.0424242424242424,0.0707070707070707
"Q9JKA9",0.0444444444444444,0.0565656565656566,0.0404040404040404,0.0545454545454545,0.0181818181818182,0.0646464646464646,0.0404040404040404,0.0464646464646465,0.0262626262626263,0.0848484848484849,0.0909090909090909,0.0545454545454545,0.0484848484848485,0.0666666666666667,0.0282828282828283,0.0585858585858586,0.0464646464646465,0.0161616161616162,0.0424242424242424,0.0707070707070707
"Q9UL51",0.0444444444444444,0.0585858585858586,0.0424242424242424,0.0525252525252525,0.0181818181818182,0.0646464646464646,0.0404040404040404,0.0484848484848485,0.0262626262626263,0.0848484848484849,0.0909090909090909,0.0545454545454545,0.0484848484848485,0.0666666666666667,0.0282828282828283,0.0545454545454545,0.0464646464646465,0.0161616161616162,0.0424242424242424,0.0707070707070707
"O70507",0.0547945205479452,0.0587084148727984,0.0391389432485323,0.0450097847358121,0.0176125244618395,0.0587084148727984,0.0450097847358121,0.0469667318982387,0.0313111545988258,0.0821917808219178,0.0880626223091976,0.0430528375733855,0.0430528375733855,0.0547945205479452,0.0391389432485323,0.0567514677103718,0.0567514677103718,0.0176125244618395,0.0430528375733855,0.0782778864970646
"Q653P0",0.0518672199170125,0.0684647302904564,0.0269709543568465,0.045643153526971,0.020746887966805,0.0684647302904564,0.0352697095435685,0.0518672199170125,0.016597510373444,0.0975103734439834,0.101659751037344,0.0435684647302905,0.0269709543568465,0.0767634854771784,0.029045643153527,0.0601659751037344,0.0518672199170125,0.012448132780083,0.0539419087136929,0.0601659751037344
"Q9M8S6",0.0657370517928287,0.0717131474103586,0.0318725099601594,0.0438247011952191,0.0139442231075697,0.0597609561752988,0.0258964143426295,0.0537848605577689,0.0239043824701195,0.101593625498008,0.105577689243028,0.0438247011952191,0.0318725099601594,0.0637450199203187,0.0278884462151394,0.0577689243027888,0.049800796812749,0.0119521912350598,0.0577689243027888,0.0577689243027888
"Q9JJZ8",0.0555555555555556,0.0615079365079365,0.0396825396825397,0.0654761904761905,0.0138888888888889,0.0674603174603175,0.0257936507936508,0.0476190476190476,0.00595238095238095,0.0694444444444444,0.126984126984127,0.0674603174603175,0.0178571428571429,0.0476190476190476,0.0396825396825397,0.0535714285714286,0.0515873015873016,0.0158730158730159,0.0515873015873016,0.0753968253968254
"Q62398",0.0647948164146868,0.0518358531317495,0.0345572354211663,0.0647948164146868,0.0172786177105832,0.0691144708423326,0.0172786177105832,0.0539956803455724,0.0129589632829374,0.0799136069114471,0.110151187904968,0.0712742980561555,0.0215982721382289,0.0561555075593952,0.0323974082073434,0.0453563714902808,0.0453563714902808,0.0151187904967603,0.0561555075593952,0.0799136069114471
"O88704",0.0450819672131148,0.0491803278688525,0.0430327868852459,0.055327868852459,0.0163934426229508,0.0614754098360656,0.0430327868852459,0.0471311475409836,0.0225409836065574,0.0819672131147541,0.0922131147540984,0.0594262295081967,0.0512295081967213,0.0614754098360656,0.0307377049180328,0.055327868852459,0.0491803278688525,0.0163934426229508,0.0430327868852459,0.0758196721311475
"Q94A76",0.0484210526315789,0.0610526315789474,0.0336842105263158,0.0463157894736842,0.0168421052631579,0.0610526315789474,0.0294736842105263,0.0505263157894737,0.0273684210526316,0.0947368421052632,0.111578947368421,0.0526315789473684,0.0231578947368421,0.071578947368421,0.0231578947368421,0.0442105263157895,0.0589473684210526,0.0147368421052632,0.0589473684210526,0.071578947368421
"Q9JKB0",0.0450819672131148,0.0491803278688525,0.0430327868852459,0.055327868852459,0.0163934426229508,0.0614754098360656,0.0430327868852459,0.0471311475409836,0.0225409836065574,0.0819672131147541,0.0922131147540984,0.0594262295081967,0.0512295081967213,0.0614754098360656,0.0307377049180328,0.055327868852459,0.0491803278688525,0.0163934426229508,0.0430327868852459,0.0758196721311475
"O60741",0.0450819672131148,0.0491803278688525,0.0450819672131148,0.055327868852459,0.0163934426229508,0.0614754098360656,0.0430327868852459,0.0471311475409836,0.0225409836065574,0.0819672131147541,0.0922131147540984,0.0594262295081967,0.0512295081967213,0.0614754098360656,0.0307377049180328,0.0532786885245902,0.0491803278688525,0.0163934426229508,0.0430327868852459,0.0758196721311475
"Q29441",0.0608519269776876,0.0527383367139959,0.0365111561866126,0.0628803245436105,0.0141987829614604,0.0669371196754564,0.0283975659229209,0.0527383367139959,0.0101419878296146,0.0689655172413793,0.125760649087221,0.0669371196754564,0.0304259634888438,0.0486815415821501,0.0324543610547667,0.0547667342799189,0.0486815415821501,0.0141987829614604,0.050709939148073,0.0730223123732252
"Q9MZS1",0.0450819672131148,0.0491803278688525,0.0450819672131148,0.055327868852459,0.0163934426229508,0.0614754098360656,0.0430327868852459,0.0471311475409836,0.0225409836065574,0.0819672131147541,0.0922131147540984,0.0594262295081967,0.0512295081967213,0.0614754098360656,0.0307377049180328,0.0532786885245902,0.0491803278688525,0.0163934426229508,0.0430327868852459,0.0758196721311475
"Q9PT84",0.0766355140186916,0.0504672897196262,0.0373831775700935,0.0616822429906542,0.0242990654205607,0.0392523364485981,0.0261682242990654,0.0523364485981308,0.0280373831775701,0.0785046728971963,0.108411214953271,0.0411214953271028,0.0186915887850467,0.0485981308411215,0.0448598130841121,0.0766355140186916,0.0654205607476635,0.0168224299065421,0.0485981308411215,0.0560747663551402
"Q9H252",0.0825335892514395,0.0479846449136276,0.0307101727447217,0.0518234165067179,0.0191938579654511,0.0345489443378119,0.0345489443378119,0.0633397312859885,0.0383877159309021,0.0633397312859885,0.117082533589251,0.0326295585412668,0.0191938579654511,0.0575815738963532,0.0556621880998081,0.0748560460652591,0.0499040307101727,0.0191938579654511,0.0383877159309021,0.0690978886756238
"Q16280",0.0629067245119306,0.0498915401301518,0.03470715835141,0.06941431670282,0.0195227765726681,0.0672451193058568,0.0151843817787419,0.052060737527115,0.0151843817787419,0.0802603036876356,0.112798264642082,0.06941431670282,0.0216919739696312,0.0542299349240781,0.0303687635574837,0.0433839479392625,0.0477223427331887,0.017353579175705,0.0542299349240781,0.0824295010845987
"Q16281",0.0563380281690141,0.0523138832997988,0.0382293762575453,0.0643863179074447,0.0120724346076459,0.0663983903420523,0.0321931589537223,0.0543259557344064,0.00804828973843058,0.0663983903420523,0.126760563380282,0.0663983903420523,0.0181086519114688,0.0482897384305835,0.0321931589537223,0.0583501006036217,0.0563380281690141,0.0140845070422535,0.0503018108651912,0.0784708249496982
"O54853",0.084,0.056,0.032,0.058,0.016,0.03,0.038,0.05,0.034,0.066,0.13,0.032,0.018,0.058,0.054,0.064,0.056,0.018,0.036,0.07
"O54852",0.0718685831622177,0.0472279260780287,0.0451745379876797,0.0657084188911704,0.0225872689938398,0.0431211498973306,0.0246406570841889,0.0492813141683778,0.026694045174538,0.080082135523614,0.125256673511294,0.0513347022587269,0.026694045174538,0.0574948665297741,0.0308008213552361,0.0718685831622177,0.0513347022587269,0.0143737166324435,0.0390143737166324,0.0554414784394251
"Q90980",0.0666666666666667,0.0541666666666667,0.0375,0.0604166666666667,0.0125,0.0645833333333333,0.0270833333333333,0.0479166666666667,0.00833333333333333,0.08125,0.10625,0.0708333333333333,0.0354166666666667,0.0520833333333333,0.0291666666666667,0.0458333333333333,0.0479166666666667,0.0145833333333333,0.0604166666666667,0.0770833333333333
"Q9ER47",0.0718685831622177,0.0472279260780287,0.0451745379876797,0.0636550308008214,0.0205338809034908,0.0451745379876797,0.0246406570841889,0.0513347022587269,0.026694045174538,0.080082135523614,0.125256673511294,0.0513347022587269,0.026694045174538,0.0574948665297741,0.0308008213552361,0.0718685831622177,0.0513347022587269,0.0143737166324435,0.0390143737166324,0.0554414784394251
"Q9NS40",0.0735930735930736,0.0432900432900433,0.0454545454545455,0.0584415584415584,0.0216450216450216,0.038961038961039,0.025974025974026,0.0476190476190476,0.0281385281385281,0.0844155844155844,0.134199134199134,0.0476190476190476,0.0303030303030303,0.0584415584415584,0.0324675324675325,0.0649350649350649,0.051948051948052,0.0151515151515152,0.0411255411255411,0.0562770562770563
"Q02280",0.0770642201834862,0.0495412844036697,0.0348623853211009,0.0642201834862385,0.0220183486238532,0.0458715596330275,0.0293577981651376,0.0513761467889908,0.0275229357798165,0.055045871559633,0.104587155963303,0.0587155963302752,0.0311926605504587,0.0513761467889908,0.036697247706422,0.0605504587155963,0.0513761467889908,0.018348623853211,0.0385321100917431,0.0917431192660551
"P29973",0.0501043841336117,0.0521920668058455,0.0438413361169102,0.0668058455114822,0.0125260960334029,0.0605427974947808,0.0271398747390397,0.0501043841336117,0.00626304801670146,0.081419624217119,0.11482254697286,0.0709812108559499,0.0313152400835073,0.0480167014613779,0.0292275574112735,0.0521920668058455,0.0521920668058455,0.0146137787056367,0.058455114822547,0.0772442588726514
"Q90805",0.0604166666666667,0.0541666666666667,0.0375,0.0666666666666667,0.0166666666666667,0.0645833333333333,0.025,0.0458333333333333,0.00833333333333333,0.0833333333333333,0.125,0.075,0.01875,0.05625,0.0291666666666667,0.05,0.05,0.0145833333333333,0.0520833333333333,0.0666666666666667
"Q00195",0.0641592920353982,0.0530973451327434,0.0353982300884956,0.0641592920353982,0.0176991150442478,0.0685840707964602,0.0176991150442478,0.0486725663716814,0.0132743362831858,0.081858407079646,0.11283185840708,0.0619469026548673,0.0221238938053097,0.0575221238938053,0.0331858407079646,0.0464601769911504,0.0442477876106195,0.0154867256637168,0.0575221238938053,0.084070796460177
"O08962",0.0752032520325203,0.0630081300813008,0.032520325203252,0.0467479674796748,0.016260162601626,0.0447154471544715,0.0223577235772358,0.0650406504065041,0.0345528455284553,0.0731707317073171,0.128048780487805,0.040650406504065,0.024390243902439,0.0589430894308943,0.0447154471544715,0.0670731707317073,0.0487804878048781,0.016260162601626,0.0386178861788618,0.0589430894308943
"O35219",0.0752032520325203,0.0630081300813008,0.032520325203252,0.0467479674796748,0.016260162601626,0.0447154471544715,0.0223577235772358,0.0670731707317073,0.0345528455284553,0.0752032520325203,0.126016260162602,0.040650406504065,0.024390243902439,0.0589430894308943,0.0447154471544715,0.0650406504065041,0.0487804878048781,0.016260162601626,0.0386178861788618,0.0589430894308943
"Q03041",0.0632183908045977,0.053639846743295,0.0383141762452107,0.0651340996168582,0.0153256704980843,0.0747126436781609,0.0229885057471264,0.0517241379310345,0.0114942528735632,0.0747126436781609,0.118773946360153,0.0670498084291188,0.0229885057471264,0.0498084291187739,0.0325670498084291,0.0478927203065134,0.0498084291187739,0.0153256704980843,0.0517241379310345,0.0727969348659004
"Q28718",0.0666666666666667,0.0533333333333333,0.0355555555555556,0.0644444444444444,0.0177777777777778,0.0688888888888889,0.0177777777777778,0.0511111111111111,0.0133333333333333,0.08,0.115555555555556,0.0622222222222222,0.0222222222222222,0.0577777777777778,0.0333333333333333,0.0444444444444444,0.0422222222222222,0.0155555555555556,0.0577777777777778,0.08
"P29974",0.0501043841336117,0.058455114822547,0.0438413361169102,0.0688935281837161,0.0125260960334029,0.058455114822547,0.0271398747390397,0.0501043841336117,0.00417536534446764,0.0855949895615866,0.106471816283925,0.0647181628392484,0.0354906054279749,0.0459290187891441,0.0292275574112735,0.0521920668058455,0.0521920668058455,0.0146137787056367,0.0605427974947808,0.0793319415448852
"Q12809",0.073558648111332,0.0695825049701789,0.0318091451292246,0.0457256461232604,0.0159045725646123,0.0437375745526839,0.0218687872763419,0.073558648111332,0.0318091451292246,0.073558648111332,0.123260437375746,0.0397614314115308,0.0238568588469185,0.0576540755467197,0.047713717693837,0.0675944333996024,0.0497017892644135,0.0159045725646123,0.0377733598409543,0.0556660039761431
"Q62927",0.0501043841336117,0.0563674321503132,0.0438413361169102,0.0688935281837161,0.0125260960334029,0.0605427974947808,0.0271398747390397,0.0501043841336117,0.00417536534446764,0.081419624217119,0.110647181628392,0.0647181628392484,0.0334029227557411,0.0480167014613779,0.0292275574112735,0.0521920668058455,0.0501043841336117,0.0146137787056367,0.0605427974947808,0.081419624217119
"Q00194",0.0521920668058455,0.0563674321503132,0.0417536534446764,0.0709812108559499,0.0125260960334029,0.058455114822547,0.0271398747390397,0.0501043841336117,0.00626304801670146,0.0876826722338205,0.108559498956159,0.0688935281837161,0.0313152400835073,0.0501043841336117,0.0292275574112735,0.0542797494780793,0.0501043841336117,0.0146137787056367,0.058455114822547,0.0709812108559499
"Q9TSZ3",0.0750507099391481,0.0689655172413793,0.0344827586206897,0.0466531440162272,0.0162271805273834,0.0446247464503043,0.0223123732251521,0.0689655172413793,0.0324543610547667,0.0750507099391481,0.123732251521298,0.0385395537525355,0.0243407707910751,0.0608519269776876,0.0466531440162272,0.0628803245436105,0.0466531440162272,0.0162271805273834,0.0385395537525355,0.0567951318458418
"Q28279",0.0542797494780793,0.0542797494780793,0.0417536534446764,0.0668058455114822,0.0125260960334029,0.0626304801670146,0.0271398747390397,0.0501043841336117,0.00626304801670146,0.0835073068893528,0.110647181628392,0.0688935281837161,0.0334029227557411,0.0501043841336117,0.0292275574112735,0.0501043841336117,0.0501043841336117,0.0146137787056367,0.058455114822547,0.0751565762004175
"Q8WNY2",0.0711462450592885,0.0691699604743083,0.033596837944664,0.0474308300395257,0.0158102766798419,0.0434782608695652,0.0217391304347826,0.0770750988142292,0.0316205533596838,0.0731225296442688,0.122529644268775,0.0395256916996047,0.0237154150197628,0.0553359683794466,0.0494071146245059,0.0652173913043478,0.0494071146245059,0.0177865612648221,0.0375494071146245,0.0553359683794466
"P55934",0.0669546436285097,0.0583153347732181,0.0388768898488121,0.0669546436285097,0.0237580993520518,0.0583153347732181,0.0323974082073434,0.0539956803455724,0.00863930885529158,0.0755939524838013,0.118790496760259,0.0539956803455724,0.0172786177105832,0.0626349892008639,0.0259179265658747,0.041036717062635,0.0539956803455724,0.0151187904967603,0.0539956803455724,0.0734341252699784
"Q63472",0.0666666666666667,0.0494623655913978,0.0387096774193548,0.0623655913978495,0.021505376344086,0.0494623655913978,0.0279569892473118,0.043010752688172,0.0258064516129032,0.0795698924731183,0.10752688172043,0.0516129032258065,0.0236559139784946,0.0580645161290323,0.0301075268817204,0.0559139784946237,0.0537634408602151,0.0129032258064516,0.0473118279569892,0.0946236559139785
"G5EFJ9",0.0685483870967742,0.0645161290322581,0.0383064516129032,0.0645161290322581,0.0201612903225806,0.0383064516129032,0.0181451612903226,0.0524193548387097,0.030241935483871,0.0766129032258065,0.122983870967742,0.0362903225806452,0.0262096774193548,0.0504032258064516,0.0362903225806452,0.0645161290322581,0.0745967741935484,0.0141129032258065,0.0443548387096774,0.0584677419354839
"Q9EPI9",0.0613861386138614,0.0455445544554455,0.0435643564356436,0.0554455445544554,0.0217821782178218,0.0514851485148515,0.0336633663366337,0.0475247524752475,0.0237623762376238,0.0712871287128713,0.116831683168317,0.0534653465346535,0.0217821782178218,0.0495049504950495,0.0316831683168317,0.0613861386138614,0.0574257425742574,0.0158415841584158,0.0415841584158416,0.0950495049504951
"Q920E3",0.0609243697478992,0.0441176470588235,0.0420168067226891,0.0588235294117647,0.023109243697479,0.0483193277310924,0.0210084033613445,0.0441176470588235,0.0273109243697479,0.0735294117647059,0.119747899159664,0.0546218487394958,0.023109243697479,0.0525210084033613,0.0315126050420168,0.0546218487394958,0.0588235294117647,0.0168067226890756,0.0441176470588235,0.100840336134454
"Q8NCM2",0.0609243697478992,0.0441176470588235,0.0420168067226891,0.0609243697478992,0.023109243697479,0.046218487394958,0.0210084033613445,0.0441176470588235,0.0273109243697479,0.0735294117647059,0.119747899159664,0.0546218487394958,0.023109243697479,0.0525210084033613,0.0315126050420168,0.0546218487394958,0.0588235294117647,0.0168067226890756,0.0441176470588235,0.100840336134454
"Q3UW12",0.0782241014799154,0.0676532769556025,0.0295983086680761,0.0507399577167019,0.0126849894291755,0.0591966173361522,0.0380549682875264,0.0486257928118393,0.0190274841437632,0.0507399577167019,0.124735729386892,0.0380549682875264,0.0317124735729387,0.0465116279069767,0.0465116279069767,0.0549682875264271,0.0507399577167019,0.0147991543340381,0.0591966173361522,0.0782241014799154
"Q64359",0.0761099365750529,0.06553911205074,0.0295983086680761,0.0528541226215645,0.0126849894291755,0.0591966173361522,0.0380549682875264,0.0528541226215645,0.0190274841437632,0.0486257928118393,0.126849894291755,0.040169133192389,0.0317124735729387,0.0465116279069767,0.0465116279069767,0.0507399577167019,0.0507399577167019,0.0147991543340381,0.0591966173361522,0.0782241014799154
"Q60603",0.0662393162393162,0.0512820512820513,0.0363247863247863,0.0598290598290598,0.0213675213675214,0.0491452991452991,0.0299145299145299,0.047008547008547,0.0256410256410256,0.0811965811965812,0.106837606837607,0.0512820512820513,0.0235042735042735,0.0555555555555556,0.0299145299145299,0.0598290598290598,0.0534188034188034,0.0128205128205128,0.047008547008547,0.0918803418803419
"O95259",0.0662393162393162,0.0512820512820513,0.0363247863247863,0.0598290598290598,0.0213675213675214,0.0491452991452991,0.0299145299145299,0.047008547008547,0.0256410256410256,0.0811965811965812,0.104700854700855,0.0512820512820513,0.0256410256410256,0.0555555555555556,0.0299145299145299,0.0598290598290598,0.0534188034188034,0.0128205128205128,0.047008547008547,0.0918803418803419
"O18965",0.0662393162393162,0.0512820512820513,0.0363247863247863,0.0598290598290598,0.0213675213675214,0.0491452991452991,0.0299145299145299,0.047008547008547,0.0256410256410256,0.0811965811965812,0.104700854700855,0.0512820512820513,0.0256410256410256,0.0555555555555556,0.0299145299145299,0.0598290598290598,0.0534188034188034,0.0128205128205128,0.047008547008547,0.0918803418803419
"Q8IV77",0.0718816067653277,0.0676532769556025,0.0295983086680761,0.0507399577167019,0.0126849894291755,0.0591966173361522,0.0380549682875264,0.0486257928118393,0.0190274841437632,0.0465116279069767,0.128964059196617,0.040169133192389,0.0338266384778013,0.0465116279069767,0.0486257928118393,0.0570824524312896,0.0528541226215645,0.0126849894291755,0.0591966173361522,0.0761099365750529
"Q24278",0.0695825049701789,0.0715705765407555,0.0397614314115308,0.0536779324055666,0.0159045725646123,0.0536779324055666,0.0298210735586481,0.0656063618290258,0.0178926441351889,0.0556660039761431,0.129224652087475,0.0357852882703777,0.0218687872763419,0.0457256461232604,0.025844930417495,0.0616302186878728,0.0576540755467197,0.0238568588469185,0.0457256461232604,0.0795228628230616
"Q7XUW4",0.0649350649350649,0.0779220779220779,0.0296846011131725,0.0575139146567718,0.0166975881261596,0.0463821892393321,0.0278293135435993,0.0575139146567718,0.025974025974026,0.0723562152133581,0.111317254174397,0.0352504638218924,0.0222634508348794,0.0482374768089054,0.025974025974026,0.0686456400742115,0.0538033395176252,0.012987012987013,0.0538033395176252,0.0909090909090909
"Q9JJZ9",0.0472103004291846,0.0515021459227468,0.0429184549356223,0.0472103004291846,0.01931330472103,0.0429184549356223,0.0407725321888412,0.0536480686695279,0.01931330472103,0.0879828326180258,0.124463519313305,0.0579399141630901,0.0214592274678112,0.0579399141630901,0.036480686695279,0.0536480686695279,0.055793991416309,0.0171673819742489,0.0536480686695279,0.0686695278969957
"Q9SJA4",0.0838095238095238,0.0761904761904762,0.0247619047619048,0.04,0.0133333333333333,0.0552380952380952,0.0361904761904762,0.0457142857142857,0.0266666666666667,0.0533333333333333,0.142857142857143,0.0476190476190476,0.0152380952380952,0.0571428571428571,0.0323809523809524,0.0628571428571429,0.0685714285714286,0.019047619047619,0.0342857142857143,0.0647619047619048
"Q9LNJ0",0.0782442748091603,0.0801526717557252,0.0343511450381679,0.0477099236641221,0.0152671755725191,0.0572519083969466,0.0343511450381679,0.0362595419847328,0.0190839694656489,0.0591603053435115,0.135496183206107,0.0438931297709924,0.017175572519084,0.0534351145038168,0.0438931297709924,0.0725190839694656,0.0477099236641221,0.0248091603053435,0.0381679389312977,0.0610687022900763
"Q9FXH6",0.0640732265446224,0.0755148741418764,0.0205949656750572,0.045766590389016,0.0137299771167048,0.0594965675057208,0.034324942791762,0.0503432494279176,0.0137299771167048,0.0640732265446224,0.139588100686499,0.0526315789473684,0.0205949656750572,0.0594965675057208,0.0389016018306636,0.0526315789473684,0.068649885583524,0.0183066361556064,0.0366132723112128,0.0709382151029748
"A0A072VMJ3",0.0613636363636364,0.0772727272727273,0.025,0.0409090909090909,0.0181818181818182,0.0590909090909091,0.0272727272727273,0.0590909090909091,0.0136363636363636,0.0636363636363636,0.143181818181818,0.0454545454545455,0.025,0.0613636363636364,0.0340909090909091,0.05,0.0613636363636364,0.0227272727272727,0.0409090909090909,0.0704545454545455
"Q8RWS9",0.058165548098434,0.0805369127516778,0.0223713646532438,0.0536912751677852,0.0178970917225951,0.0536912751677852,0.0447427293064877,0.0469798657718121,0.0156599552572707,0.0604026845637584,0.149888143176734,0.0447427293064877,0.0246085011185682,0.0626398210290828,0.0313199105145414,0.058165548098434,0.0492170022371365,0.0156599552572707,0.0425055928411633,0.0671140939597315
"Q9UQ05",0.0820610687022901,0.0782442748091603,0.0305343511450382,0.0438931297709924,0.0190839694656489,0.0343511450381679,0.0248091603053435,0.066793893129771,0.0190839694656489,0.0553435114503817,0.148854961832061,0.0286259541984733,0.0229007633587786,0.0419847328244275,0.049618320610687,0.0935114503816794,0.0458015267175573,0.00954198473282443,0.0400763358778626,0.0648854961832061
"Q9M0A4",0.0776053215077605,0.0776053215077605,0.0177383592017738,0.0443458980044346,0.0155210643015521,0.0731707317073171,0.0354767184035477,0.0487804878048781,0.0110864745011086,0.0620842572062084,0.146341463414634,0.057649667405765,0.0199556541019956,0.057649667405765,0.0332594235033259,0.0554323725055432,0.0487804878048781,0.0177383592017738,0.0421286031042129,0.057649667405765
"Q9S9N5",0.0652173913043478,0.0772946859903382,0.0217391304347826,0.0434782608695652,0.0144927536231884,0.0603864734299517,0.036231884057971,0.0507246376811594,0.0120772946859903,0.0652173913043478,0.140096618357488,0.0458937198067633,0.0217391304347826,0.0603864734299517,0.036231884057971,0.0507246376811594,0.072463768115942,0.0193236714975845,0.0338164251207729,0.072463768115942
"O82226",0.0859375,0.080078125,0.02734375,0.0390625,0.015625,0.0625,0.04296875,0.04296875,0.013671875,0.056640625,0.13671875,0.056640625,0.021484375,0.052734375,0.029296875,0.060546875,0.052734375,0.015625,0.041015625,0.06640625
"Q9LD40",0.0764705882352941,0.0745098039215686,0.0490196078431373,0.0450980392156863,0.0137254901960784,0.0568627450980392,0.0333333333333333,0.0372549019607843,0.0137254901960784,0.0686274509803922,0.129411764705882,0.0490196078431373,0.0176470588235294,0.0588235294117647,0.0392156862745098,0.0745098039215686,0.0470588235294118,0.0235294117647059,0.0372549019607843,0.0549019607843137
"Q9NQW8",0.0521739130434783,0.05,0.0434782608695652,0.058695652173913,0.0195652173913043,0.041304347826087,0.0304347826086957,0.0521739130434783,0.0152173913043478,0.0804347826086956,0.128260869565217,0.0608695652173913,0.0260869565217391,0.058695652173913,0.041304347826087,0.041304347826087,0.0608695652173913,0.0152173913043478,0.0608695652173913,0.0630434782608696
"Q8MJD7",0.0431965442764579,0.041036717062635,0.041036717062635,0.0518358531317495,0.0172786177105832,0.041036717062635,0.0367170626349892,0.0583153347732181,0.0151187904967603,0.0734341252699784,0.125269978401728,0.060475161987041,0.0302375809935205,0.0583153347732181,0.041036717062635,0.0539956803455724,0.0691144708423326,0.0172786177105832,0.060475161987041,0.0647948164146868
"G7JND3",0.0682819383259912,0.0881057268722467,0.0286343612334802,0.0462555066079295,0.0154185022026432,0.0506607929515418,0.0308370044052863,0.0550660792951542,0.0220264317180617,0.0726872246696035,0.129955947136564,0.0440528634361234,0.0198237885462555,0.066079295154185,0.0308370044052863,0.052863436123348,0.0550660792951542,0.0198237885462555,0.0330396475770925,0.0704845814977974
"Q9SL29",0.0755148741418764,0.0846681922196796,0.0274599542334096,0.045766590389016,0.0183066361556064,0.0480549199084668,0.0320366132723112,0.0503432494279176,0.0160183066361556,0.0778032036613272,0.14187643020595,0.045766590389016,0.0274599542334096,0.0526315789473684,0.034324942791762,0.0480549199084668,0.0617848970251716,0.0274599542334096,0.0297482837528604,0.0549199084668192
"Q9R1T9",0.0841300191204589,0.0783938814531549,0.0305927342256214,0.0439770554493308,0.0191204588910134,0.0439770554493308,0.0267686424474187,0.0611854684512428,0.0210325047801147,0.0497131931166348,0.154875717017208,0.0305927342256214,0.0191204588910134,0.0439770554493308,0.0458891013384321,0.0803059273422562,0.0478011472275335,0.00956022944550669,0.0363288718929254,0.0726577437858509
"O65717",0.0609756097560976,0.0731707317073171,0.0317073170731707,0.0487804878048781,0.0170731707317073,0.0609756097560976,0.0341463414634146,0.0512195121951219,0.0146341463414634,0.0707317073170732,0.136585365853659,0.0439024390243902,0.0317073170731707,0.075609756097561,0.0365853658536585,0.0536585365853659,0.0536585365853659,0.0195121951219512,0.0341463414634146,0.0512195121951219
"Q96L42",0.0591966173361522,0.0422832980972516,0.0359408033826638,0.0549682875264271,0.0211416490486258,0.0380549682875264,0.0317124735729387,0.0422832980972516,0.0295983086680761,0.0845665961945032,0.13953488372093,0.0549682875264271,0.025369978858351,0.0549682875264271,0.0190274841437632,0.080338266384778,0.0591966173361522,0.0147991543340381,0.0422832980972516,0.0697674418604651
"Q9QWS8",0.0615384615384615,0.0417582417582418,0.0351648351648352,0.0527472527472527,0.021978021978022,0.0373626373626374,0.0307692307692308,0.043956043956044,0.0285714285714286,0.0857142857142857,0.142857142857143,0.0549450549450549,0.0241758241758242,0.0571428571428571,0.0197802197802198,0.0725274725274725,0.0615384615384615,0.0153846153846154,0.043956043956044,0.0681318681318681
"P59111",0.0637362637362637,0.0417582417582418,0.0351648351648352,0.0527472527472527,0.021978021978022,0.0373626373626374,0.0307692307692308,0.043956043956044,0.0285714285714286,0.0857142857142857,0.142857142857143,0.0549450549450549,0.0241758241758242,0.0571428571428571,0.0197802197802198,0.0725274725274725,0.0615384615384615,0.0153846153846154,0.043956043956044,0.0659340659340659
"Q8L7Z0",0.0610328638497653,0.0751173708920188,0.0305164319248826,0.0446009389671361,0.0140845070422535,0.0539906103286385,0.0422535211267606,0.0446009389671361,0.0164319248826291,0.0751173708920188,0.145539906103286,0.0328638497652582,0.0234741784037559,0.0657276995305164,0.0258215962441315,0.0563380281690141,0.0610328638497653,0.028169014084507,0.039906103286385,0.0633802816901408
"G7IBJ4",0.0654205607476635,0.088785046728972,0.0257009345794393,0.0537383177570093,0.0186915887850467,0.044392523364486,0.0303738317757009,0.0467289719626168,0.0257009345794393,0.0817757009345794,0.13785046728972,0.0303738317757009,0.0210280373831776,0.058411214953271,0.0303738317757009,0.0537383177570093,0.0630841121495327,0.0233644859813084,0.0373831775700935,0.0630841121495327
"Q9ULD8",0.092378752886836,0.0623556581986143,0.0161662817551963,0.0369515011547344,0.0277136258660508,0.0369515011547344,0.0277136258660508,0.0646651270207852,0.0254041570438799,0.0554272517321016,0.170900692840647,0.0300230946882217,0.0161662817551963,0.0508083140877598,0.0438799076212471,0.0600461893764434,0.0531177829099307,0.0138568129330254,0.0438799076212471,0.0715935334872979
"O89047",0.0931818181818182,0.0590909090909091,0.0181818181818182,0.0340909090909091,0.0272727272727273,0.0386363636363636,0.0295454545454545,0.0636363636363636,0.0272727272727273,0.0545454545454545,0.168181818181818,0.0318181818181818,0.0159090909090909,0.05,0.0431818181818182,0.0590909090909091,0.0522727272727273,0.0136363636363636,0.0431818181818182,0.0772727272727273
"Q03611",0.0523255813953488,0.0736434108527132,0.0406976744186047,0.0562015503875969,0.0135658914728682,0.0562015503875969,0.0368217054263566,0.0484496124031008,0.00968992248062015,0.0755813953488372,0.116279069767442,0.062015503875969,0.0271317829457364,0.0387596899224806,0.0310077519379845,0.0445736434108527,0.0503875968992248,0.0213178294573643,0.0523255813953488,0.0930232558139535
"Q9SKD7",0.063231850117096,0.0679156908665105,0.0257611241217799,0.0491803278688525,0.0163934426229508,0.0515222482435597,0.0327868852459016,0.0491803278688525,0.0187353629976581,0.0562060889929742,0.14519906323185,0.0608899297423888,0.0257611241217799,0.0749414519906323,0.0327868852459016,0.0608899297423888,0.0421545667447307,0.0187353629976581,0.0421545667447307,0.0655737704918033
"Q9WVJ0",0.0931818181818182,0.0590909090909091,0.0181818181818182,0.0340909090909091,0.0272727272727273,0.0386363636363636,0.0295454545454545,0.0636363636363636,0.0272727272727273,0.0545454545454545,0.168181818181818,0.0318181818181818,0.0159090909090909,0.05,0.0431818181818182,0.0590909090909091,0.0522727272727273,0.0136363636363636,0.0431818181818182,0.0772727272727273
"Q9LEQ3",0.0642023346303502,0.0719844357976654,0.0311284046692607,0.0466926070038911,0.0175097276264591,0.0505836575875486,0.0350194552529183,0.0622568093385214,0.0175097276264591,0.0583657587548638,0.110894941634241,0.0311284046692607,0.0233463035019455,0.0642023346303502,0.0272373540856031,0.0992217898832685,0.0739299610894942,0.0194552529182879,0.0408560311284047,0.0544747081712062
"Q9SU64",0.05720823798627,0.0983981693363844,0.0320366132723112,0.05720823798627,0.0205949656750572,0.045766590389016,0.0411899313501144,0.0434782608695652,0.022883295194508,0.0617848970251716,0.1441647597254,0.0274599542334096,0.0160183066361556,0.0709382151029748,0.0366132723112128,0.0640732265446224,0.0594965675057208,0.0183066361556064,0.0251716247139588,0.05720823798627
"Q28181",0.0449438202247191,0.0651685393258427,0.049438202247191,0.051685393258427,0.0202247191011236,0.0314606741573034,0.0359550561797753,0.0561797752808989,0.0112359550561798,0.0539325842696629,0.125842696629213,0.0674157303370786,0.0359550561797753,0.0471910112359551,0.0404494382022472,0.049438202247191,0.0404494382022472,0.0247191011235955,0.0696629213483146,0.0786516853932584
