"","V1","V2","V3","V4","V5","V6","V7","V8","V9","V10","V11","V12","V13","V14","V15","V16","V17","V18","V19","V20"
"",0.0542005420054201,0.037940379403794,0.0487804878048781,0.037940379403794,0.02710027100271,0.021680216802168,0.021680216802168,0.0542005420054201,0.00813008130081301,0.0948509485094851,0.100271002710027,0.0514905149051491,0.035230352303523,0.0569105691056911,0.037940379403794,0.0867208672086721,0.0731707317073171,0.021680216802168,0.037940379403794,0.0921409214092141
"P30874",0.0542005420054201,0.037940379403794,0.0487804878048781,0.037940379403794,0.02710027100271,0.021680216802168,0.021680216802168,0.0542005420054201,0.00813008130081301,0.0948509485094851,0.100271002710027,0.0514905149051491,0.035230352303523,0.0569105691056911,0.037940379403794,0.0867208672086721,0.0731707317073171,0.021680216802168,0.037940379403794,0.0921409214092141
"P34994",0.0623306233062331,0.037940379403794,0.0514905149051491,0.035230352303523,0.02710027100271,0.021680216802168,0.024390243902439,0.0542005420054201,0.00542005420054201,0.0921409214092141,0.102981029810298,0.0514905149051491,0.029810298102981,0.0569105691056911,0.037940379403794,0.0894308943089431,0.0623306233062331,0.021680216802168,0.040650406504065,0.0948509485094851
"P30875",0.0542005420054201,0.037940379403794,0.0514905149051491,0.029810298102981,0.029810298102981,0.02710027100271,0.02710027100271,0.0569105691056911,0.00542005420054201,0.0894308943089431,0.0975609756097561,0.0514905149051491,0.032520325203252,0.0569105691056911,0.037940379403794,0.0948509485094851,0.0596205962059621,0.021680216802168,0.037940379403794,0.100271002710027
"Q49LX6",0.0542005420054201,0.037940379403794,0.0487804878048781,0.035230352303523,0.02710027100271,0.02710027100271,0.021680216802168,0.0542005420054201,0.00813008130081301,0.0867208672086721,0.102981029810298,0.0514905149051491,0.029810298102981,0.0542005420054201,0.040650406504065,0.0867208672086721,0.0650406504065041,0.021680216802168,0.040650406504065,0.105691056910569
"P30680",0.0569105691056911,0.037940379403794,0.0514905149051491,0.029810298102981,0.02710027100271,0.02710027100271,0.02710027100271,0.0596205962059621,0.00542005420054201,0.0921409214092141,0.0975609756097561,0.0514905149051491,0.029810298102981,0.0596205962059621,0.040650406504065,0.0894308943089431,0.0596205962059621,0.021680216802168,0.037940379403794,0.0975609756097561
"P34993",0.0597826086956522,0.0380434782608696,0.0516304347826087,0.0353260869565217,0.0271739130434783,0.0244565217391304,0.0244565217391304,0.0543478260869565,0.00543478260869565,0.0951086956521739,0.103260869565217,0.0516304347826087,0.0271739130434783,0.0570652173913043,0.0380434782608696,0.0815217391304348,0.0652173913043478,0.0217391304347826,0.0380434782608696,0.10054347826087
"P49912",0.0785498489425982,0.0211480362537764,0.0392749244712991,0.0151057401812689,0.0302114803625378,0.0422960725075529,0.0362537764350453,0.0574018126888218,0.0151057401812689,0.0785498489425982,0.081570996978852,0.0302114803625378,0.0453172205438066,0.0876132930513595,0.0574018126888218,0.0513595166163142,0.0755287009063444,0.0151057401812689,0.0574018126888218,0.0845921450151057
"P41144",0.0630630630630631,0.0510510510510511,0.039039039039039,0.042042042042042,0.03003003003003,0.027027027027027,0.015015015015015,0.042042042042042,0.00900900900900901,0.105105105105105,0.105105105105105,0.033033033033033,0.03003003003003,0.0630630630630631,0.048048048048048,0.0810810810810811,0.0630630630630631,0.021021021021021,0.039039039039039,0.0930930930930931
"Q9YGZ3",0.0790273556231003,0.0364741641337386,0.0395136778115502,0.0060790273556231,0.0455927051671733,0.0516717325227964,0.0243161094224924,0.0729483282674772,0.0151975683890578,0.060790273556231,0.0942249240121581,0.0212765957446809,0.0455927051671733,0.0790273556231003,0.0516717325227964,0.0455927051671733,0.0729483282674772,0.0182370820668693,0.0638297872340425,0.0759878419452888
"P35359",0.0759878419452888,0.0364741641337386,0.033434650455927,0.0060790273556231,0.0425531914893617,0.0516717325227964,0.0243161094224924,0.0699088145896656,0.0182370820668693,0.0638297872340425,0.0790273556231003,0.0212765957446809,0.0455927051671733,0.0851063829787234,0.0547112462006079,0.0395136778115502,0.0790273556231003,0.0212765957446809,0.060790273556231,0.0911854103343465
"P02699",0.0785498489425982,0.0211480362537764,0.0392749244712991,0.0151057401812689,0.0302114803625378,0.0453172205438066,0.0332326283987915,0.0604229607250755,0.0181268882175227,0.0664652567975831,0.0845921450151057,0.0302114803625378,0.0453172205438066,0.0906344410876133,0.0574018126888218,0.0422960725075529,0.081570996978852,0.0151057401812689,0.054380664652568,0.0906344410876133
"O13227",0.0680473372781065,0.029585798816568,0.0414201183431953,0.00591715976331361,0.0325443786982249,0.0591715976331361,0.0236686390532544,0.0591715976331361,0.014792899408284,0.0739644970414201,0.0769230769230769,0.0236686390532544,0.0443786982248521,0.0828402366863905,0.0562130177514793,0.0680473372781065,0.0828402366863905,0.0207100591715976,0.0562130177514793,0.0798816568047337
"P51470",0.0771513353115727,0.0237388724035608,0.0356083086053412,0.00890207715133531,0.0356083086053412,0.0445103857566766,0.029673590504451,0.0593471810089021,0.0148367952522255,0.0741839762611276,0.0830860534124629,0.0356083086053412,0.0474777448071217,0.086053412462908,0.0534124629080119,0.056379821958457,0.0712166172106825,0.0148367952522255,0.0652818991097923,0.0830860534124629
"Q95M54",0.0611111111111111,0.0444444444444444,0.0611111111111111,0.0305555555555556,0.0388888888888889,0.025,0.0194444444444444,0.0333333333333333,0.0166666666666667,0.1,0.0944444444444444,0.0333333333333333,0.0388888888888889,0.0527777777777778,0.0472222222222222,0.0722222222222222,0.0888888888888889,0.0194444444444444,0.0388888888888889,0.0833333333333333
"Q95KU1",0.0725075528700906,0.0211480362537764,0.0422960725075529,0.0120845921450151,0.0302114803625378,0.0422960725075529,0.0332326283987915,0.0604229607250755,0.0151057401812689,0.0634441087613293,0.0876132930513595,0.0332326283987915,0.0453172205438066,0.0906344410876133,0.0574018126888218,0.0513595166163142,0.0785498489425982,0.0151057401812689,0.0574018126888218,0.0906344410876133
"Q8HY69",0.0725075528700906,0.0211480362537764,0.0422960725075529,0.0151057401812689,0.0332326283987915,0.0453172205438066,0.0302114803625378,0.0574018126888218,0.0120845921450151,0.0785498489425982,0.0785498489425982,0.0302114803625378,0.0453172205438066,0.0876132930513595,0.054380664652568,0.054380664652568,0.081570996978852,0.0151057401812689,0.0574018126888218,0.0876132930513595
"Q9YGZ6",0.0878787878787879,0.0363636363636364,0.0333333333333333,0.00909090909090909,0.0424242424242424,0.0575757575757576,0.0242424242424242,0.0666666666666667,0.0151515151515152,0.0575757575757576,0.0878787878787879,0.0212121212121212,0.0484848484848485,0.0818181818181818,0.0515151515151515,0.0424242424242424,0.0666666666666667,0.0181818181818182,0.0636363636363636,0.0878787878787879
"P87369",0.0790273556231003,0.0364741641337386,0.0425531914893617,0.0060790273556231,0.0395136778115502,0.0547112462006079,0.0212765957446809,0.0699088145896656,0.0121580547112462,0.060790273556231,0.0911854103343465,0.0212765957446809,0.0425531914893617,0.0820668693009119,0.0516717325227964,0.0486322188449848,0.0699088145896656,0.0182370820668693,0.060790273556231,0.0911854103343465
"P41590",0.0699088145896656,0.0364741641337386,0.0425531914893617,0.0060790273556231,0.0425531914893617,0.0516717325227964,0.0243161094224924,0.060790273556231,0.0121580547112462,0.0547112462006079,0.0851063829787234,0.0212765957446809,0.0395136778115502,0.0911854103343465,0.0547112462006079,0.0516717325227964,0.0790273556231003,0.0243161094224924,0.0638297872340425,0.088145896656535
"Q9MYW9",0.0536723163841808,0.0508474576271186,0.0593220338983051,0.0367231638418079,0.0423728813559322,0.0254237288135593,0.019774011299435,0.0367231638418079,0.0169491525423729,0.101694915254237,0.0988700564971751,0.0338983050847458,0.0367231638418079,0.0536723163841808,0.0395480225988701,0.0677966101694915,0.0903954802259887,0.0169491525423729,0.0395480225988701,0.0790960451977401
"P79807",0.0670731707317073,0.0365853658536585,0.0335365853658537,0.00609756097560976,0.0365853658536585,0.0548780487804878,0.024390243902439,0.0731707317073171,0.0152439024390244,0.0640243902439024,0.0975609756097561,0.0213414634146341,0.0457317073170732,0.0792682926829268,0.0518292682926829,0.0487804878048781,0.0701219512195122,0.0182926829268293,0.0701219512195122,0.0853658536585366
"Q9YGZ8",0.0848484848484849,0.0363636363636364,0.0333333333333333,0.00909090909090909,0.0424242424242424,0.0575757575757576,0.0212121212121212,0.0636363636363636,0.0181818181818182,0.0545454545454545,0.0878787878787879,0.0212121212121212,0.0454545454545455,0.0818181818181818,0.0515151515151515,0.0484848484848485,0.0666666666666667,0.0181818181818182,0.0636363636363636,0.0939393939393939
"P52202",0.0762195121951219,0.024390243902439,0.0396341463414634,0.0182926829268293,0.0365853658536585,0.0426829268292683,0.0274390243902439,0.0609756097560976,0.00914634146341463,0.0670731707317073,0.0762195121951219,0.0365853658536585,0.0426829268292683,0.0884146341463415,0.0548780487804878,0.0487804878048781,0.0701219512195122,0.0152439024390244,0.0640243902439024,0.100609756097561
"Q9DGG4",0.0848484848484849,0.0363636363636364,0.0393939393939394,0.00606060606060606,0.0424242424242424,0.0545454545454545,0.0212121212121212,0.0696969696969697,0.0181818181818182,0.0636363636363636,0.0939393939393939,0.0212121212121212,0.0484848484848485,0.0818181818181818,0.0515151515151515,0.0393939393939394,0.0696969696969697,0.0212121212121212,0.0575757575757576,0.0787878787878788
"Q9YH04",0.0909090909090909,0.0363636363636364,0.0363636363636364,0.00909090909090909,0.0393939393939394,0.0545454545454545,0.0212121212121212,0.0636363636363636,0.0181818181818182,0.0696969696969697,0.0939393939393939,0.0212121212121212,0.0454545454545455,0.0787878787878788,0.0515151515151515,0.0484848484848485,0.0636363636363636,0.0212121212121212,0.0606060606060606,0.0757575757575758
"Q9YGY9",0.0792682926829268,0.0365853658536585,0.0365853658536585,0.00609756097560976,0.0426829268292683,0.0579268292682927,0.0213414634146341,0.0701219512195122,0.0182926829268293,0.0609756097560976,0.0792682926829268,0.0213414634146341,0.0457317073170732,0.0853658536585366,0.0548780487804878,0.0457317073170732,0.0670731707317073,0.0182926829268293,0.0609756097560976,0.0914634146341463
"P35346",0.123249299719888,0.061624649859944,0.0392156862745098,0.0252100840336134,0.030812324929972,0.0168067226890756,0.0252100840336134,0.0700280112044818,0.00560224089635854,0.0280112044817927,0.128851540616246,0.0224089635854342,0.0196078431372549,0.0532212885154062,0.0672268907563025,0.0644257703081232,0.0420168067226891,0.0196078431372549,0.0280112044817927,0.128851540616246
"O93459",0.0729483282674772,0.0303951367781155,0.0425531914893617,0.00911854103343465,0.0364741641337386,0.0516717325227964,0.033434650455927,0.060790273556231,0.00911854103343465,0.0820668693009119,0.0759878419452888,0.0303951367781155,0.0486322188449848,0.100303951367781,0.0577507598784195,0.060790273556231,0.0577507598784195,0.0151975683890578,0.0516717325227964,0.0729483282674772
"Q769E8",0.0785498489425982,0.0211480362537764,0.0392749244712991,0.0120845921450151,0.0302114803625378,0.0422960725075529,0.0332326283987915,0.0604229607250755,0.0151057401812689,0.0664652567975831,0.0906344410876133,0.0302114803625378,0.0453172205438066,0.0966767371601208,0.0574018126888218,0.0422960725075529,0.081570996978852,0.0151057401812689,0.0574018126888218,0.0845921450151057
"Q9YH00",0.0909090909090909,0.0363636363636364,0.0363636363636364,0.00909090909090909,0.0424242424242424,0.0545454545454545,0.0212121212121212,0.0666666666666667,0.0181818181818182,0.0696969696969697,0.0878787878787879,0.0212121212121212,0.0484848484848485,0.0787878787878788,0.0515151515151515,0.0424242424242424,0.0636363636363636,0.0212121212121212,0.0606060606060606,0.0787878787878788
"P79756",0.0759878419452888,0.0364741641337386,0.0395136778115502,0.0060790273556231,0.0455927051671733,0.0547112462006079,0.0212765957446809,0.0668693009118541,0.0151975683890578,0.0638297872340425,0.0911854103343465,0.0212765957446809,0.0395136778115502,0.0790273556231003,0.0516717325227964,0.0486322188449848,0.0729483282674772,0.0182370820668693,0.0668693009118541,0.0851063829787234
"Q9YGZ2",0.0792682926829268,0.0365853658536585,0.0365853658536585,0.00609756097560976,0.0426829268292683,0.0579268292682927,0.0213414634146341,0.0701219512195122,0.0182926829268293,0.0640243902439024,0.0823170731707317,0.0213414634146341,0.0426829268292683,0.0853658536585366,0.0518292682926829,0.0457317073170732,0.0701219512195122,0.0182926829268293,0.0609756097560976,0.0884146341463415
"P79903",0.0701219512195122,0.0365853658536585,0.0365853658536585,0.0121951219512195,0.0335365853658537,0.0518292682926829,0.024390243902439,0.0670731707317073,0.0152439024390244,0.0701219512195122,0.0884146341463415,0.024390243902439,0.0487804878048781,0.0884146341463415,0.0518292682926829,0.0518292682926829,0.0670731707317073,0.0182926829268293,0.0640243902439024,0.0792682926829268
"Q9YH02",0.0909090909090909,0.0363636363636364,0.0363636363636364,0.00606060606060606,0.0393939393939394,0.0575757575757576,0.0212121212121212,0.0666666666666667,0.0181818181818182,0.0757575757575758,0.0848484848484849,0.0212121212121212,0.0484848484848485,0.0818181818181818,0.0515151515151515,0.0454545454545455,0.0666666666666667,0.0212121212121212,0.0575757575757576,0.0727272727272727
"Q9YGZ7",0.0878787878787879,0.0363636363636364,0.0363636363636364,0.00606060606060606,0.0424242424242424,0.0575757575757576,0.0212121212121212,0.0666666666666667,0.0181818181818182,0.0636363636363636,0.0878787878787879,0.0212121212121212,0.0484848484848485,0.0818181818181818,0.0515151515151515,0.0424242424242424,0.0666666666666667,0.0181818181818182,0.0636363636363636,0.0818181818181818
"Q9YH05",0.0909090909090909,0.0333333333333333,0.0363636363636364,0.00606060606060606,0.0393939393939394,0.0575757575757576,0.0212121212121212,0.0636363636363636,0.0181818181818182,0.0696969696969697,0.0848484848484849,0.0242424242424242,0.0484848484848485,0.0818181818181818,0.0515151515151515,0.0424242424242424,0.0757575757575758,0.0181818181818182,0.0606060606060606,0.0757575757575758
"P56516",0.0801186943620178,0.0237388724035608,0.0385756676557863,0.0118694362017804,0.0385756676557863,0.0415430267062315,0.029673590504451,0.0593471810089021,0.0118694362017804,0.0830860534124629,0.0830860534124629,0.0356083086053412,0.0445103857566766,0.0890207715133531,0.0534124629080119,0.056379821958457,0.0682492581602374,0.0148367952522255,0.0652818991097923,0.0712166172106825
"P34975",0.0600600600600601,0.048048048048048,0.045045045045045,0.039039039039039,0.03003003003003,0.03003003003003,0.015015015015015,0.033033033033033,0.012012012012012,0.0990990990990991,0.0960960960960961,0.036036036036036,0.03003003003003,0.0660660660660661,0.039039039039039,0.0930930930930931,0.0600600600600601,0.021021021021021,0.039039039039039,0.108108108108108
"P51489",0.0755287009063444,0.0211480362537764,0.0422960725075529,0.0120845921450151,0.0302114803625378,0.0422960725075529,0.0362537764350453,0.0604229607250755,0.0151057401812689,0.0694864048338369,0.0906344410876133,0.0302114803625378,0.0483383685800604,0.0906344410876133,0.0574018126888218,0.0483383685800604,0.0755287009063444,0.0151057401812689,0.054380664652568,0.0845921450151057
"O62794",0.0787878787878788,0.0212121212121212,0.0393939393939394,0.0121212121212121,0.0303030303030303,0.0393939393939394,0.0363636363636364,0.0606060606060606,0.0151515151515152,0.0666666666666667,0.0848484848484849,0.0333333333333333,0.0454545454545455,0.0939393939393939,0.0575757575757576,0.0454545454545455,0.0757575757575758,0.0151515151515152,0.0545454545454545,0.0939393939393939
"Q6W3E1",0.081570996978852,0.0211480362537764,0.0332326283987915,0.0151057401812689,0.0332326283987915,0.0453172205438066,0.0332326283987915,0.0604229607250755,0.0151057401812689,0.0694864048338369,0.0936555891238671,0.0332326283987915,0.0422960725075529,0.0876132930513595,0.0574018126888218,0.0422960725075529,0.081570996978852,0.0151057401812689,0.054380664652568,0.0845921450151057
"P31355",0.0712166172106825,0.0237388724035608,0.0356083086053412,0.0148367952522255,0.0385756676557863,0.0385756676557863,0.029673590504451,0.0623145400593472,0.0148367952522255,0.0771513353115727,0.0830860534124629,0.0356083086053412,0.0474777448071217,0.0830860534124629,0.0534124629080119,0.056379821958457,0.0712166172106825,0.0148367952522255,0.0652818991097923,0.0830860534124629
"Q9YH01",0.0851063829787234,0.0364741641337386,0.0425531914893617,0.0060790273556231,0.0425531914893617,0.0516717325227964,0.0212765957446809,0.0638297872340425,0.0151975683890578,0.0638297872340425,0.0851063829787234,0.0212765957446809,0.0547112462006079,0.0790273556231003,0.0516717325227964,0.0486322188449848,0.0668693009118541,0.0212765957446809,0.060790273556231,0.0820668693009119
"O18766",0.075,0.021875,0.040625,0.015625,0.03125,0.040625,0.034375,0.059375,0.015625,0.065625,0.1,0.03125,0.04375,0.090625,0.059375,0.04375,0.065625,0.015625,0.059375,0.090625
"P56515",0.0729483282674772,0.0243161094224924,0.0395136778115502,0.00911854103343465,0.0395136778115502,0.0425531914893617,0.033434650455927,0.0577507598784195,0.0121580547112462,0.0729483282674772,0.0790273556231003,0.033434650455927,0.0486322188449848,0.0942249240121581,0.0547112462006079,0.0577507598784195,0.0638297872340425,0.0151975683890578,0.060790273556231,0.088145896656535
"Q9YGZ9",0.0848484848484849,0.0363636363636364,0.0393939393939394,0.00303030303030303,0.0424242424242424,0.0575757575757576,0.0212121212121212,0.0666666666666667,0.0181818181818182,0.0606060606060606,0.0909090909090909,0.0212121212121212,0.0484848484848485,0.0818181818181818,0.0515151515151515,0.0454545454545455,0.0666666666666667,0.0181818181818182,0.0636363636363636,0.0818181818181818
"P79911",0.0701219512195122,0.0365853658536585,0.0365853658536585,0.0121951219512195,0.0335365853658537,0.0518292682926829,0.024390243902439,0.0670731707317073,0.0152439024390244,0.0731707317073171,0.0884146341463415,0.024390243902439,0.0487804878048781,0.0914634146341463,0.0518292682926829,0.0518292682926829,0.0670731707317073,0.0182926829268293,0.0609756097560976,0.0762195121951219
"Q9YH03",0.0878787878787879,0.0393939393939394,0.0363636363636364,0.00606060606060606,0.0393939393939394,0.0575757575757576,0.0212121212121212,0.0636363636363636,0.0181818181818182,0.0606060606060606,0.0909090909090909,0.0212121212121212,0.0484848484848485,0.0787878787878788,0.0515151515151515,0.0454545454545455,0.0666666666666667,0.0212121212121212,0.0606060606060606,0.0848484848484849
"Q90245",0.0759878419452888,0.0243161094224924,0.0425531914893617,0.0121580547112462,0.033434650455927,0.0395136778115502,0.033434650455927,0.0577507598784195,0.0151975683890578,0.0699088145896656,0.0729483282674772,0.033434650455927,0.0516717325227964,0.0911854103343465,0.0577507598784195,0.0516717325227964,0.0668693009118541,0.0151975683890578,0.0638297872340425,0.0911854103343465
"P33534",0.0630630630630631,0.048048048048048,0.045045045045045,0.039039039039039,0.03003003003003,0.03003003003003,0.015015015015015,0.033033033033033,0.012012012012012,0.0990990990990991,0.0960960960960961,0.036036036036036,0.03003003003003,0.0660660660660661,0.036036036036036,0.0960960960960961,0.0600600600600601,0.021021021021021,0.039039039039039,0.105105105105105
"P02700",0.0785498489425982,0.0211480362537764,0.0392749244712991,0.0120845921450151,0.0302114803625378,0.0392749244712991,0.0362537764350453,0.0604229607250755,0.0151057401812689,0.0634441087613293,0.0936555891238671,0.0332326283987915,0.0422960725075529,0.0936555891238671,0.0574018126888218,0.0513595166163142,0.0755287009063444,0.0151057401812689,0.0513595166163142,0.0906344410876133
"Q28886",0.081570996978852,0.0241691842900302,0.0422960725075529,0.0120845921450151,0.0302114803625378,0.0422960725075529,0.0332326283987915,0.0574018126888218,0.0151057401812689,0.0694864048338369,0.081570996978852,0.0302114803625378,0.0422960725075529,0.0936555891238671,0.0574018126888218,0.0483383685800604,0.0755287009063444,0.0151057401812689,0.0574018126888218,0.0906344410876133
"O62795",0.0818181818181818,0.0212121212121212,0.0393939393939394,0.0121212121212121,0.0303030303030303,0.0393939393939394,0.0363636363636364,0.0606060606060606,0.0151515151515152,0.0666666666666667,0.0878787878787879,0.0333333333333333,0.0454545454545455,0.0909090909090909,0.0575757575757576,0.0393939393939394,0.0757575757575758,0.0151515151515152,0.0575757575757576,0.0939393939393939
"P15409",0.0725075528700906,0.0211480362537764,0.0422960725075529,0.0151057401812689,0.0302114803625378,0.0392749244712991,0.0362537764350453,0.0574018126888218,0.0151057401812689,0.0664652567975831,0.0936555891238671,0.0302114803625378,0.0422960725075529,0.0936555891238671,0.0574018126888218,0.0513595166163142,0.0755287009063444,0.0151057401812689,0.054380664652568,0.0906344410876133
"P28681",0.0755287009063444,0.0211480362537764,0.0422960725075529,0.0120845921450151,0.0302114803625378,0.0422960725075529,0.0332326283987915,0.0604229607250755,0.0151057401812689,0.0634441087613293,0.0936555891238671,0.0302114803625378,0.0422960725075529,0.0966767371601208,0.054380664652568,0.0483383685800604,0.0755287009063444,0.0151057401812689,0.0574018126888218,0.0906344410876133
"Q9YGZ1",0.0820668693009119,0.0364741641337386,0.0364741641337386,0.0060790273556231,0.0395136778115502,0.0547112462006079,0.0212765957446809,0.0638297872340425,0.0182370820668693,0.0668693009118541,0.0759878419452888,0.0212765957446809,0.0455927051671733,0.0851063829787234,0.0516717325227964,0.0547112462006079,0.0699088145896656,0.0182370820668693,0.0638297872340425,0.088145896656535
"P79898",0.0699088145896656,0.0364741641337386,0.0364741641337386,0.0060790273556231,0.0364741641337386,0.0547112462006079,0.0212765957446809,0.0729483282674772,0.0182370820668693,0.0729483282674772,0.088145896656535,0.0212765957446809,0.0516717325227964,0.0911854103343465,0.0516717325227964,0.0486322188449848,0.0759878419452888,0.0182370820668693,0.0577507598784195,0.0699088145896656
"Q90215",0.0790273556231003,0.0303951367781155,0.0425531914893617,0.00303951367781155,0.0425531914893617,0.0577507598784195,0.0243161094224924,0.0577507598784195,0.0151975683890578,0.0668693009118541,0.0699088145896656,0.0212765957446809,0.0516717325227964,0.0820668693009119,0.060790273556231,0.060790273556231,0.0820668693009119,0.0212765957446809,0.0547112462006079,0.0759878419452888
"O62791",0.0755287009063444,0.0241691842900302,0.0422960725075529,0.0120845921450151,0.0302114803625378,0.0422960725075529,0.0332326283987915,0.054380664652568,0.0151057401812689,0.0664652567975831,0.0936555891238671,0.027190332326284,0.0422960725075529,0.0876132930513595,0.054380664652568,0.0574018126888218,0.0785498489425982,0.0151057401812689,0.0574018126888218,0.0906344410876133
"P79901",0.0729483282674772,0.0364741641337386,0.0364741641337386,0.0060790273556231,0.0364741641337386,0.0547112462006079,0.0212765957446809,0.0699088145896656,0.0182370820668693,0.0790273556231003,0.0851063829787234,0.0212765957446809,0.0516717325227964,0.088145896656535,0.0516717325227964,0.0486322188449848,0.0759878419452888,0.0182370820668693,0.060790273556231,0.0668693009118541
"P79848",0.0759878419452888,0.0364741641337386,0.0364741641337386,0.0060790273556231,0.0455927051671733,0.0547112462006079,0.0212765957446809,0.0668693009118541,0.0182370820668693,0.0699088145896656,0.0911854103343465,0.0212765957446809,0.0395136778115502,0.0790273556231003,0.0516717325227964,0.0486322188449848,0.0699088145896656,0.0182370820668693,0.0668693009118541,0.0820668693009119
"Q9YGZ5",0.0759878419452888,0.0364741641337386,0.0425531914893617,0.00303951367781155,0.0425531914893617,0.0577507598784195,0.0212765957446809,0.0668693009118541,0.0151975683890578,0.0638297872340425,0.0972644376899696,0.0212765957446809,0.0425531914893617,0.0851063829787234,0.0516717325227964,0.0455927051671733,0.0729483282674772,0.0182370820668693,0.0638297872340425,0.0759878419452888
"P51488",0.0699088145896656,0.033434650455927,0.033434650455927,0.00911854103343465,0.0455927051671733,0.0486322188449848,0.0243161094224924,0.0699088145896656,0.0182370820668693,0.0668693009118541,0.0699088145896656,0.0243161094224924,0.0486322188449848,0.088145896656535,0.0547112462006079,0.0425531914893617,0.0759878419452888,0.0212765957446809,0.0638297872340425,0.0911854103343465
"Q9YGZ0",0.0833333333333333,0.0357142857142857,0.0357142857142857,0.00892857142857143,0.0446428571428571,0.0505952380952381,0.0238095238095238,0.0595238095238095,0.0148809523809524,0.0625,0.0744047619047619,0.0208333333333333,0.0416666666666667,0.0833333333333333,0.056547619047619,0.0595238095238095,0.0744047619047619,0.0238095238095238,0.056547619047619,0.0892857142857143
"P79809",0.0640243902439024,0.0365853658536585,0.0365853658536585,0.00914634146341463,0.0365853658536585,0.0548780487804878,0.024390243902439,0.0701219512195122,0.0152439024390244,0.0701219512195122,0.0914634146341463,0.0213414634146341,0.0457317073170732,0.0914634146341463,0.0518292682926829,0.0640243902439024,0.0640243902439024,0.0182926829268293,0.0579268292682927,0.0762195121951219
"P41591",0.0676470588235294,0.0264705882352941,0.0411764705882353,0.0117647058823529,0.0352941176470588,0.0411764705882353,0.0352941176470588,0.0647058823529412,0.0147058823529412,0.0617647058823529,0.0852941176470588,0.0264705882352941,0.0470588235294118,0.0823529411764706,0.0558823529411765,0.0558823529411765,0.0882352941176471,0.0147058823529412,0.0529411764705882,0.0911764705882353
"O93441",0.0699088145896656,0.0303951367781155,0.0547112462006079,0.0060790273556231,0.033434650455927,0.0516717325227964,0.033434650455927,0.0577507598784195,0.00911854103343465,0.0699088145896656,0.088145896656535,0.027355623100304,0.0425531914893617,0.088145896656535,0.0516717325227964,0.0638297872340425,0.0699088145896656,0.0151975683890578,0.0516717325227964,0.0851063829787234
"O62798",0.0785498489425982,0.027190332326284,0.0422960725075529,0.0120845921450151,0.0302114803625378,0.0422960725075529,0.0362537764350453,0.054380664652568,0.0151057401812689,0.0664652567975831,0.0906344410876133,0.027190332326284,0.0422960725075529,0.0876132930513595,0.0483383685800604,0.0574018126888218,0.0785498489425982,0.0151057401812689,0.0574018126888218,0.0906344410876133
"Q90214",0.0668693009118541,0.0303951367781155,0.0455927051671733,0.00303951367781155,0.033434650455927,0.0547112462006079,0.027355623100304,0.0577507598784195,0.0151975683890578,0.0668693009118541,0.0820668693009119,0.0212765957446809,0.0425531914893617,0.0820668693009119,0.0547112462006079,0.060790273556231,0.0851063829787234,0.0212765957446809,0.060790273556231,0.088145896656535
"P79902",0.0699088145896656,0.0364741641337386,0.0395136778115502,0.0060790273556231,0.0364741641337386,0.0547112462006079,0.0212765957446809,0.0699088145896656,0.0151975683890578,0.0699088145896656,0.088145896656535,0.0212765957446809,0.0547112462006079,0.0911854103343465,0.0516717325227964,0.0577507598784195,0.0638297872340425,0.0182370820668693,0.0577507598784195,0.0759878419452888
"P79863",0.0668693009118541,0.0303951367781155,0.0425531914893617,0.0121580547112462,0.0364741641337386,0.0486322188449848,0.033434650455927,0.060790273556231,0.00911854103343465,0.0729483282674772,0.0790273556231003,0.027355623100304,0.0455927051671733,0.0972644376899696,0.0547112462006079,0.0547112462006079,0.0668693009118541,0.0151975683890578,0.0516717325227964,0.0942249240121581
"P79808",0.0699088145896656,0.0364741641337386,0.0395136778115502,0.0060790273556231,0.0364741641337386,0.0547112462006079,0.0212765957446809,0.0699088145896656,0.0151975683890578,0.0668693009118541,0.0972644376899696,0.0212765957446809,0.0486322188449848,0.0820668693009119,0.0516717325227964,0.0547112462006079,0.0699088145896656,0.0182370820668693,0.0638297872340425,0.0759878419452888
"Q9YGZ4",0.0848484848484849,0.0333333333333333,0.0333333333333333,0.00909090909090909,0.0454545454545455,0.0545454545454545,0.0212121212121212,0.0696969696969697,0.0181818181818182,0.0575757575757576,0.0909090909090909,0.0242424242424242,0.0484848484848485,0.0818181818181818,0.0515151515151515,0.0454545454545455,0.0696969696969697,0.0181818181818182,0.0606060606060606,0.0818181818181818
"P79798",0.0731707317073171,0.0365853658536585,0.0335365853658537,0.00609756097560976,0.0365853658536585,0.0548780487804878,0.024390243902439,0.0701219512195122,0.0152439024390244,0.0548780487804878,0.0975609756097561,0.0213414634146341,0.0426829268292683,0.0884146341463415,0.0518292682926829,0.0518292682926829,0.0701219512195122,0.0182926829268293,0.0640243902439024,0.0884146341463415
"P30937",0.109717868338558,0.0626959247648903,0.0376175548589342,0.0313479623824451,0.0313479623824451,0.0188087774294671,0.0125391849529781,0.0564263322884013,0.0156739811912226,0.0407523510971787,0.150470219435737,0.0188087774294671,0.0219435736677116,0.0501567398119122,0.0470219435736677,0.0532915360501567,0.0626959247648903,0.0250783699059561,0.0313479623824451,0.122257053291536
"P79914",0.0729483282674772,0.0364741641337386,0.0364741641337386,0.0060790273556231,0.0395136778115502,0.0547112462006079,0.0212765957446809,0.0729483282674772,0.0182370820668693,0.060790273556231,0.088145896656535,0.0212765957446809,0.0516717325227964,0.088145896656535,0.0516717325227964,0.0455927051671733,0.0759878419452888,0.0182370820668693,0.0577507598784195,0.0820668693009119
"F1MV99",0.0951008645533141,0.0547550432276657,0.0432276657060519,0.0230547550432277,0.0288184438040346,0.0259365994236311,0.0201729106628242,0.0778097982708934,0.00576368876080692,0.0403458213256484,0.126801152737752,0.0259365994236311,0.0201729106628242,0.0518731988472622,0.0576368876080692,0.0720461095100865,0.0432276657060519,0.0201729106628242,0.031700288184438,0.135446685878963
"O62793",0.0755287009063444,0.0241691842900302,0.0453172205438066,0.00906344410876133,0.0302114803625378,0.0422960725075529,0.0332326283987915,0.054380664652568,0.0181268882175227,0.0604229607250755,0.0876132930513595,0.0241691842900302,0.0483383685800604,0.0876132930513595,0.0574018126888218,0.0574018126888218,0.0755287009063444,0.0151057401812689,0.0574018126888218,0.0966767371601208
"O42604",0.0759878419452888,0.0364741641337386,0.0395136778115502,0.00911854103343465,0.0425531914893617,0.0486322188449848,0.0212765957446809,0.0638297872340425,0.0182370820668693,0.060790273556231,0.0790273556231003,0.0212765957446809,0.0516717325227964,0.088145896656535,0.0547112462006079,0.0547112462006079,0.0729483282674772,0.0182370820668693,0.0577507598784195,0.0851063829787234
"P79812",0.0699088145896656,0.0364741641337386,0.0395136778115502,0.0060790273556231,0.0364741641337386,0.0547112462006079,0.0212765957446809,0.0699088145896656,0.0151975683890578,0.060790273556231,0.0942249240121581,0.0212765957446809,0.0486322188449848,0.088145896656535,0.0516717325227964,0.0547112462006079,0.0729483282674772,0.0182370820668693,0.060790273556231,0.0790273556231003
"P22328",0.077639751552795,0.0217391304347826,0.0434782608695652,0.0186335403726708,0.0341614906832298,0.0403726708074534,0.031055900621118,0.0590062111801242,0.0093167701863354,0.0745341614906832,0.0745341614906832,0.0341614906832298,0.0559006211180124,0.0900621118012422,0.0527950310559006,0.046583850931677,0.0652173913043478,0.015527950310559,0.062111801242236,0.093167701863354
"P56514",0.0699088145896656,0.0243161094224924,0.0425531914893617,0.00911854103343465,0.0395136778115502,0.0425531914893617,0.0303951367781155,0.0577507598784195,0.00911854103343465,0.0759878419452888,0.0820668693009119,0.033434650455927,0.0486322188449848,0.088145896656535,0.0547112462006079,0.0638297872340425,0.0638297872340425,0.0151975683890578,0.060790273556231,0.088145896656535
"O62792",0.0755287009063444,0.027190332326284,0.0422960725075529,0.0120845921450151,0.0302114803625378,0.0422960725075529,0.0362537764350453,0.054380664652568,0.0151057401812689,0.0634441087613293,0.0906344410876133,0.027190332326284,0.0422960725075529,0.0845921450151057,0.054380664652568,0.0574018126888218,0.0785498489425982,0.0151057401812689,0.0574018126888218,0.0936555891238671
"P29403",0.0729483282674772,0.0243161094224924,0.0395136778115502,0.0121580547112462,0.0364741641337386,0.0364741641337386,0.0303951367781155,0.0638297872340425,0.0151975683890578,0.0668693009118541,0.088145896656535,0.033434650455927,0.0425531914893617,0.0911854103343465,0.0577507598784195,0.0455927051671733,0.0699088145896656,0.0151975683890578,0.0638297872340425,0.0942249240121581
"Q68J47",0.0755287009063444,0.0211480362537764,0.0453172205438066,0.00604229607250755,0.0302114803625378,0.0483383685800604,0.0332326283987915,0.0604229607250755,0.0181268882175227,0.0664652567975831,0.0785498489425982,0.0302114803625378,0.0453172205438066,0.0906344410876133,0.054380664652568,0.0513595166163142,0.081570996978852,0.0151057401812689,0.0574018126888218,0.0906344410876133
"P32309",0.0729483282674772,0.0364741641337386,0.033434650455927,0.0121580547112462,0.0455927051671733,0.0516717325227964,0.0212765957446809,0.0638297872340425,0.0212765957446809,0.0668693009118541,0.0668693009118541,0.0212765957446809,0.0486322188449848,0.088145896656535,0.0547112462006079,0.0395136778115502,0.0790273556231003,0.0212765957446809,0.0638297872340425,0.0911854103343465
"P32308",0.0848484848484849,0.0212121212121212,0.0393939393939394,0.0151515151515152,0.0303030303030303,0.0424242424242424,0.0363636363636364,0.0545454545454545,0.0151515151515152,0.0696969696969697,0.0787878787878788,0.0333333333333333,0.0454545454545455,0.0909090909090909,0.0545454545454545,0.0545454545454545,0.0696969696969697,0.0151515151515152,0.0575757575757576,0.0909090909090909
"P28683",0.0755287009063444,0.027190332326284,0.0392749244712991,0.0181268882175227,0.0332326283987915,0.0332326283987915,0.0302114803625378,0.0604229607250755,0.0151057401812689,0.0574018126888218,0.0785498489425982,0.0422960725075529,0.0422960725075529,0.0906344410876133,0.054380664652568,0.054380664652568,0.0694864048338369,0.0211480362537764,0.0604229607250755,0.0966767371601208
"P42866",0.0642458100558659,0.0418994413407821,0.0558659217877095,0.0307262569832402,0.0418994413407821,0.0279329608938547,0.0223463687150838,0.0335195530726257,0.0195530726256983,0.0921787709497207,0.0921787709497207,0.0335195530726257,0.0363128491620112,0.0558659217877095,0.0502793296089385,0.0698324022346369,0.0893854748603352,0.0195530726256983,0.0391061452513966,0.0837988826815642
"P33535",0.0517241379310345,0.0517241379310345,0.0574712643678161,0.028735632183908,0.0431034482758621,0.0229885057471264,0.0258620689655172,0.0373563218390805,0.0172413793103448,0.0948275862068965,0.0919540229885057,0.0344827586206897,0.0373563218390805,0.0574712643678161,0.0431034482758621,0.0632183908045977,0.0977011494252874,0.0172413793103448,0.0402298850574713,0.0862068965517241
"Q5IS84",0.0621468926553672,0.0480225988700565,0.0593220338983051,0.0338983050847458,0.0423728813559322,0.0254237288135593,0.019774011299435,0.0367231638418079,0.0169491525423729,0.0988700564971751,0.0932203389830508,0.0338983050847458,0.0367231638418079,0.0564971751412429,0.0451977401129944,0.0621468926553672,0.0903954802259887,0.0169491525423729,0.0395480225988701,0.0819209039548023
"P49660",0.106761565836299,0.0640569395017794,0.0391459074733096,0.0213523131672598,0.0391459074733096,0.00711743772241993,0.0177935943060498,0.0462633451957295,0.0177935943060498,0.0462633451957295,0.160142348754448,0.0213523131672598,0.0213523131672598,0.0569395017793594,0.0427046263345196,0.0533807829181495,0.0498220640569395,0.0213523131672598,0.0355871886120996,0.131672597864769
"P22671",0.0851063829787234,0.0243161094224924,0.0486322188449848,0.0151975683890578,0.033434650455927,0.0364741641337386,0.0243161094224924,0.0638297872340425,0.0121580547112462,0.0486322188449848,0.0942249240121581,0.033434650455927,0.0486322188449848,0.088145896656535,0.0547112462006079,0.0516717325227964,0.0699088145896656,0.0151975683890578,0.0638297872340425,0.088145896656535
"P25104",0.0615384615384615,0.0276923076923077,0.0523076923076923,0.0307692307692308,0.0276923076923077,0.0184615384615385,0.0123076923076923,0.0338461538461538,0.0184615384615385,0.101538461538462,0.135384615384615,0.0769230769230769,0.0246153846153846,0.0769230769230769,0.0523076923076923,0.0676923076923077,0.0646153846153846,0.0123076923076923,0.0492307692307692,0.0553846153846154
"P28646",0.0766666666666667,0.05,0.0433333333333333,0.0233333333333333,0.0333333333333333,0.0166666666666667,0.03,0.0466666666666667,0.00666666666666667,0.0666666666666667,0.136666666666667,0.03,0.05,0.0466666666666667,0.0333333333333333,0.0733333333333333,0.0433333333333333,0.02,0.04,0.133333333333333
"O62796",0.081570996978852,0.0211480362537764,0.0422960725075529,0.00604229607250755,0.0302114803625378,0.0483383685800604,0.0332326283987915,0.0574018126888218,0.0151057401812689,0.0664652567975831,0.0785498489425982,0.0332326283987915,0.0453172205438066,0.0936555891238671,0.0574018126888218,0.0453172205438066,0.0785498489425982,0.0151057401812689,0.0574018126888218,0.0936555891238671
"Q5IS39",0.0564971751412429,0.0508474576271186,0.0621468926553672,0.0338983050847458,0.0423728813559322,0.0254237288135593,0.0169491525423729,0.0367231638418079,0.019774011299435,0.0988700564971751,0.0988700564971751,0.0338983050847458,0.0367231638418079,0.0564971751412429,0.0395480225988701,0.0621468926553672,0.0932203389830508,0.0169491525423729,0.0395480225988701,0.0790960451977401
"P35372",0.0666666666666667,0.0444444444444444,0.0611111111111111,0.0305555555555556,0.0388888888888889,0.025,0.0194444444444444,0.0333333333333333,0.0166666666666667,0.0972222222222222,0.0916666666666667,0.0333333333333333,0.0388888888888889,0.0555555555555556,0.0472222222222222,0.0694444444444444,0.0916666666666667,0.0194444444444444,0.0388888888888889,0.0805555555555556
"P30873",0.08,0.05,0.0433333333333333,0.0233333333333333,0.0333333333333333,0.0166666666666667,0.03,0.0466666666666667,0.00666666666666667,0.0666666666666667,0.136666666666667,0.03,0.05,0.0466666666666667,0.0333333333333333,0.07,0.0433333333333333,0.02,0.04,0.133333333333333
"P79350",0.0538243626062323,0.0509915014164306,0.0594900849858357,0.028328611898017,0.0424929178470255,0.0311614730878187,0.0198300283286119,0.0368271954674221,0.0169971671388102,0.110481586402266,0.0991501416430595,0.0339943342776204,0.0368271954674221,0.056657223796034,0.0396600566572238,0.0623229461756374,0.0934844192634561,0.0169971671388102,0.0396600566572238,0.0708215297450425
"O77590",0.0584615384615385,0.0246153846153846,0.0523076923076923,0.0307692307692308,0.0276923076923077,0.0184615384615385,0.0123076923076923,0.0369230769230769,0.0184615384615385,0.0984615384615385,0.135384615384615,0.0769230769230769,0.0246153846153846,0.0769230769230769,0.0553846153846154,0.0676923076923077,0.0646153846153846,0.0123076923076923,0.0492307692307692,0.0584615384615385
"P41145",0.0668693009118541,0.0516717325227964,0.0364741641337386,0.0425531914893617,0.0303951367781155,0.027355623100304,0.0121580547112462,0.0364741641337386,0.00911854103343465,0.0942249240121581,0.100303951367781,0.033434650455927,0.0303951367781155,0.0668693009118541,0.0425531914893617,0.0911854103343465,0.0638297872340425,0.0212765957446809,0.0395136778115502,0.103343465045593
"P29754",0.0769230769230769,0.0338461538461538,0.0461538461538462,0.0307692307692308,0.0276923076923077,0.0123076923076923,0.00923076923076923,0.0307692307692308,0.0246153846153846,0.101538461538462,0.129230769230769,0.0676923076923077,0.0307692307692308,0.0769230769230769,0.0492307692307692,0.0769230769230769,0.0553846153846154,0.0123076923076923,0.0461538461538462,0.0615384615384615
