"","V1","V2","V3","V4","V5","V6","V7","V8","V9","V10","V11","V12","V13","V14","V15","V16","V17","V18","V19","V20"
"",0.064312736443884,0.0567465321563682,0.0277427490542245,0.0529634300126103,0.00882723833543506,0.0554854981084489,0.0340479192938209,0.0655737704918033,0.0189155107187894,0.0668348045397226,0.10718789407314,0.0567465321563682,0.0290037831021438,0.0542244640605296,0.0441361916771753,0.0996216897856242,0.0592686002522068,0.0126103404791929,0.0189155107187894,0.0668348045397226
"Q7PIR5",0.064312736443884,0.0567465321563682,0.0277427490542245,0.0529634300126103,0.00882723833543506,0.0554854981084489,0.0340479192938209,0.0655737704918033,0.0189155107187894,0.0668348045397226,0.10718789407314,0.0567465321563682,0.0290037831021438,0.0542244640605296,0.0441361916771753,0.0996216897856242,0.0592686002522068,0.0126103404791929,0.0189155107187894,0.0668348045397226
"B4HNS0",0.0630026809651475,0.0603217158176944,0.0308310991957105,0.0509383378016086,0.0120643431635389,0.0522788203753351,0.0402144772117962,0.0764075067024129,0.014745308310992,0.064343163538874,0.113941018766756,0.0482573726541555,0.0241286863270777,0.0656836461126005,0.0482573726541555,0.0764075067024129,0.0589812332439678,0.0120643431635389,0.0160857908847185,0.0710455764075067
"B4P624",0.0616621983914209,0.0603217158176944,0.0294906166219839,0.0509383378016086,0.0120643431635389,0.0509383378016086,0.0388739946380697,0.0777479892761394,0.0160857908847185,0.0603217158176944,0.10857908847185,0.0482573726541555,0.0241286863270777,0.064343163538874,0.049597855227882,0.0790884718498659,0.0603217158176944,0.0120643431635389,0.0160857908847185,0.0790884718498659
"B3NSE1",0.0630026809651475,0.0616621983914209,0.032171581769437,0.049597855227882,0.0120643431635389,0.0522788203753351,0.0402144772117962,0.0764075067024129,0.014745308310992,0.0656836461126005,0.112600536193029,0.046916890080429,0.0241286863270777,0.064343163538874,0.0482573726541555,0.0790884718498659,0.0589812332439678,0.0120643431635389,0.014745308310992,0.0710455764075067
"B4KR05",0.064343163538874,0.0589812332439678,0.032171581769437,0.0509383378016086,0.0120643431635389,0.046916890080429,0.0455764075067024,0.0764075067024129,0.0120643431635389,0.0630026809651475,0.105898123324397,0.0455764075067024,0.0294906166219839,0.0630026809651475,0.0509383378016086,0.0790884718498659,0.0589812332439678,0.0134048257372654,0.0187667560321716,0.0723860589812333
"B4QBN2",0.0603217158176944,0.0616621983914209,0.0281501340482574,0.0509383378016086,0.0120643431635389,0.0522788203753351,0.0402144772117962,0.0777479892761394,0.0160857908847185,0.0683646112600536,0.112600536193029,0.0482573726541555,0.0254691689008043,0.0670241286863271,0.049597855227882,0.0777479892761394,0.0576407506702413,0.0120643431635389,0.0160857908847185,0.0656836461126005
"A1Z8N1",0.0614973262032086,0.0601604278074866,0.0294117647058824,0.053475935828877,0.0120320855614973,0.053475935828877,0.0387700534759358,0.0762032085561497,0.0147058823529412,0.0641711229946524,0.114973262032086,0.0467914438502674,0.0254010695187166,0.0655080213903743,0.0481283422459893,0.0762032085561497,0.0588235294117647,0.0120320855614973,0.017379679144385,0.070855614973262
"B3MG58",0.0656836461126005,0.0630026809651475,0.0281501340482574,0.0509383378016086,0.0107238605898123,0.0509383378016086,0.0388739946380697,0.0750670241286863,0.017426273458445,0.064343163538874,0.10857908847185,0.0455764075067024,0.0254691689008043,0.0656836461126005,0.049597855227882,0.0804289544235925,0.0589812332439678,0.0120643431635389,0.0160857908847185,0.0723860589812333
"B4MYA4",0.0579514824797844,0.0579514824797844,0.0336927223719677,0.0539083557951483,0.0107816711590297,0.0485175202156334,0.0377358490566038,0.0754716981132075,0.0121293800539084,0.0741239892183288,0.111859838274933,0.0485175202156334,0.0242587601078167,0.0619946091644205,0.0471698113207547,0.0808625336927224,0.0619946091644205,0.0121293800539084,0.0202156334231806,0.068733153638814
"Q291H8",0.0685483870967742,0.0577956989247312,0.032258064516129,0.0510752688172043,0.010752688172043,0.0483870967741935,0.0416666666666667,0.0739247311827957,0.0161290322580645,0.0672043010752688,0.10752688172043,0.0510752688172043,0.0309139784946237,0.0645161290322581,0.0483870967741935,0.081989247311828,0.0551075268817204,0.0120967741935484,0.0174731182795699,0.0631720430107527
"B4GAP7",0.0685483870967742,0.0577956989247312,0.032258064516129,0.0510752688172043,0.010752688172043,0.0483870967741935,0.0416666666666667,0.0739247311827957,0.0161290322580645,0.0672043010752688,0.10752688172043,0.0510752688172043,0.0309139784946237,0.0645161290322581,0.0483870967741935,0.081989247311828,0.0551075268817204,0.0120967741935484,0.0174731182795699,0.0631720430107527
"B4LPX5",0.0658602150537634,0.0564516129032258,0.032258064516129,0.0497311827956989,0.0120967741935484,0.0483870967741935,0.043010752688172,0.0752688172043011,0.0120967741935484,0.0645161290322581,0.106182795698925,0.0497311827956989,0.0295698924731183,0.0645161290322581,0.0483870967741935,0.081989247311828,0.0564516129032258,0.0134408602150538,0.0188172043010753,0.071236559139785
"Q17NV8",0.0659630606860158,0.050131926121372,0.0263852242744063,0.0567282321899736,0.00659630606860158,0.0527704485488127,0.0382585751978892,0.0751978891820581,0.0171503957783641,0.0699208443271768,0.101583113456464,0.0580474934036939,0.0303430079155673,0.0593667546174142,0.0422163588390501,0.0910290237467019,0.0646437994722955,0.0131926121372032,0.0184696569920844,0.0620052770448549
"B4J913",0.0610795454545455,0.0610795454545455,0.0284090909090909,0.0539772727272727,0.015625,0.0482954545454545,0.0383522727272727,0.078125,0.015625,0.0710227272727273,0.115056818181818,0.046875,0.0284090909090909,0.0596590909090909,0.046875,0.0795454545454545,0.0511363636363636,0.0127840909090909,0.0184659090909091,0.0696022727272727
"A5LGM7",0.0853174603174603,0.0416666666666667,0.0396825396825397,0.0178571428571429,0.0119047619047619,0.0456349206349206,0.0198412698412698,0.0932539682539683,0.00793650793650794,0.0952380952380952,0.101190476190476,0.0416666666666667,0.0317460317460317,0.0694444444444444,0.0456349206349206,0.0634920634920635,0.0634920634920635,0.0198412698412698,0.0238095238095238,0.0813492063492064
"B0WC46",0.0787234042553192,0.0382978723404255,0.0276595744680851,0.0340425531914894,0.0148936170212766,0.0276595744680851,0.0234042553191489,0.0978723404255319,0.0106382978723404,0.0829787234042553,0.121276595744681,0.0382978723404255,0.0382978723404255,0.0617021276595745,0.0425531914893617,0.0787234042553192,0.0574468085106383,0.0191489361702128,0.0191489361702128,0.0872340425531915
"Q8MKK4",0.0811965811965812,0.0384615384615385,0.0299145299145299,0.0235042735042735,0.0213675213675214,0.0363247863247863,0.0235042735042735,0.0897435897435897,0.00641025641025641,0.0876068376068376,0.11965811965812,0.0341880341880342,0.0363247863247863,0.0769230769230769,0.0491452991452991,0.0662393162393162,0.0598290598290598,0.0170940170940171,0.0170940170940171,0.0854700854700855
"B4QBN3",0.0810234541577825,0.0405117270788913,0.0277185501066098,0.023454157782516,0.0255863539445629,0.0362473347547974,0.0213219616204691,0.0895522388059701,0.00639658848614072,0.0916844349680171,0.123667377398721,0.0341151385927505,0.0341151385927505,0.0746268656716418,0.0490405117270789,0.0639658848614073,0.0597014925373134,0.0170575692963753,0.0170575692963753,0.0831556503198294
"B4HNS1",0.0788912579957356,0.0383795309168444,0.0298507462686567,0.023454157782516,0.023454157782516,0.0362473347547974,0.0213219616204691,0.0895522388059701,0.00639658848614072,0.093816631130064,0.121535181236674,0.0341151385927505,0.0319829424307036,0.0746268656716418,0.0490405117270789,0.0660980810234542,0.0597014925373134,0.0170575692963753,0.0191897654584222,0.0852878464818763
"A9ZSY3",0.0731707317073171,0.0386178861788618,0.0386178861788618,0.0223577235772358,0.0101626016260163,0.0447154471544715,0.0264227642276423,0.0894308943089431,0.0040650406504065,0.0934959349593496,0.115853658536585,0.040650406504065,0.0365853658536585,0.0609756097560976,0.040650406504065,0.0630081300813008,0.0711382113821138,0.0203252032520325,0.0304878048780488,0.0792682926829268
"P53387",0.0784313725490196,0.0348583877995643,0.0305010893246187,0.0305010893246187,0.0261437908496732,0.0392156862745098,0.0239651416122004,0.093681917211329,0.0108932461873638,0.0958605664488017,0.0740740740740741,0.037037037037037,0.037037037037037,0.0806100217864924,0.0326797385620915,0.0697167755991285,0.0479302832244009,0.0239651416122004,0.0413943355119826,0.0915032679738562
"A9ZSY2",0.0724346076458753,0.0442655935613682,0.0241448692152917,0.0241448692152917,0.0160965794768612,0.0422535211267606,0.0201207243460765,0.0764587525150905,0.00804828973843058,0.108651911468813,0.106639839034205,0.0382293762575453,0.0482897384305835,0.0663983903420523,0.0442655935613682,0.0784708249496982,0.0704225352112676,0.0181086519114688,0.0261569416498994,0.0663983903420523
"P13181",0.0670611439842209,0.0216962524654832,0.0315581854043393,0.019723865877712,0.029585798816568,0.0532544378698225,0.0355029585798817,0.0946745562130177,0.0118343195266272,0.0749506903353057,0.0848126232741617,0.0473372781065089,0.0335305719921105,0.0690335305719921,0.0394477317554241,0.0848126232741617,0.0473372781065089,0.0236686390532544,0.0394477317554241,0.0907297830374754
"C0SPB2",0.08274231678487,0.0307328605200946,0.0283687943262411,0.0260047281323877,0.00472813238770686,0.0425531914893617,0.0141843971631206,0.111111111111111,0.00945626477541371,0.0945626477541371,0.151300236406619,0.0520094562647754,0.0283687943262411,0.0567375886524823,0.0354609929078014,0.0472813238770686,0.0614657210401891,0.016548463356974,0.0236406619385343,0.08274231678487
"P23585",0.065979381443299,0.0350515463917526,0.0350515463917526,0.0206185567010309,0.022680412371134,0.0391752577319588,0.0288659793814433,0.103092783505155,0.00412371134020619,0.0927835051546392,0.0742268041237113,0.0350515463917526,0.0371134020618557,0.0824742268041237,0.0329896907216495,0.0783505154639175,0.0618556701030928,0.0185567010309278,0.0432989690721649,0.088659793814433
"P93051",0.122222222222222,0.0377777777777778,0.02,0.0244444444444444,0.0155555555555556,0.0355555555555556,0.0244444444444444,0.0933333333333333,0.00444444444444444,0.0955555555555556,0.0977777777777778,0.0355555555555556,0.0333333333333333,0.0688888888888889,0.04,0.0666666666666667,0.0488888888888889,0.0177777777777778,0.0288888888888889,0.0888888888888889
"P38695",0.0533596837944664,0.0395256916996047,0.033596837944664,0.0237154150197628,0.0296442687747036,0.0513833992094862,0.0296442687747036,0.0928853754940712,0.00197628458498024,0.0770750988142292,0.0810276679841897,0.0355731225296443,0.0375494071146245,0.0731225296442688,0.0395256916996047,0.0849802371541502,0.0612648221343874,0.0217391304347826,0.0474308300395257,0.0849802371541502
"P39003",0.0772277227722772,0.0297029702970297,0.0257425742574257,0.0217821782178218,0.0217821782178218,0.0534653465346535,0.0257425742574257,0.097029702970297,0.0099009900990099,0.0910891089108911,0.0772277227722772,0.0376237623762376,0.0336633663366337,0.0594059405940594,0.0415841584158416,0.0732673267326733,0.0574257425742574,0.0237623762376238,0.0415841584158416,0.100990099009901
"P39004",0.0772277227722772,0.0297029702970297,0.0257425742574257,0.0217821782178218,0.0217821782178218,0.0534653465346535,0.0257425742574257,0.097029702970297,0.0099009900990099,0.0910891089108911,0.0772277227722772,0.0376237623762376,0.0336633663366337,0.0594059405940594,0.0415841584158416,0.0732673267326733,0.0574257425742574,0.0237623762376238,0.0415841584158416,0.100990099009901
"P32465",0.0637450199203187,0.0338645418326693,0.0318725099601594,0.0239043824701195,0.0358565737051793,0.0418326693227092,0.0318725099601594,0.097609561752988,0.0099601593625498,0.0816733067729084,0.0637450199203187,0.0258964143426295,0.0418326693227092,0.0717131474103586,0.0458167330677291,0.0836653386454183,0.049800796812749,0.0219123505976096,0.049800796812749,0.0936254980079681
"P46333",0.0913348946135831,0.0351288056206089,0.0210772833723653,0.0140515222482436,0.00936768149882904,0.0398126463700234,0.0117096018735363,0.100702576112412,0.00234192037470726,0.0936768149882904,0.142857142857143,0.0374707259953162,0.0491803278688525,0.0515222482435597,0.0327868852459016,0.0608899297423888,0.0679156908665105,0.0210772833723653,0.0281030444964871,0.0889929742388759
"P39924",0.065843621399177,0.0329218106995885,0.0226337448559671,0.0308641975308642,0.0288065843621399,0.0473251028806584,0.0246913580246914,0.0987654320987654,0.0102880658436214,0.0905349794238683,0.106995884773663,0.0329218106995885,0.0267489711934156,0.0699588477366255,0.0432098765432099,0.0699588477366255,0.0452674897119342,0.0226337448559671,0.0473251028806584,0.0823045267489712
"P94493",0.0927601809954751,0.0610859728506787,0.0294117647058824,0.0180995475113122,0.00904977375565611,0.0475113122171946,0.0203619909502262,0.0927601809954751,0.00904977375565611,0.083710407239819,0.147058823529412,0.0361990950226244,0.0339366515837104,0.0746606334841629,0.0361990950226244,0.0520361990950226,0.0452488687782805,0.0135746606334842,0.0180995475113122,0.0791855203619909
"P54862",0.0662525879917184,0.0289855072463768,0.0331262939958592,0.020703933747412,0.020703933747412,0.0351966873706004,0.0248447204968944,0.105590062111801,0.0041407867494824,0.082815734989648,0.082815734989648,0.041407867494824,0.0351966873706004,0.0786749482401656,0.031055900621118,0.082815734989648,0.072463768115942,0.0248447204968944,0.041407867494824,0.0869565217391304
"P53631",0.0617283950617284,0.0329218106995885,0.0226337448559671,0.0308641975308642,0.0288065843621399,0.0493827160493827,0.0267489711934156,0.0987654320987654,0.0102880658436214,0.0905349794238683,0.106995884773663,0.0329218106995885,0.0267489711934156,0.0699588477366255,0.0452674897119342,0.065843621399177,0.0493827160493827,0.0226337448559671,0.0473251028806584,0.0802469135802469
"P32467",0.0745098039215686,0.0294117647058824,0.0352941176470588,0.0294117647058824,0.0254901960784314,0.0529411764705882,0.0254901960784314,0.0941176470588235,0.00784313725490196,0.0823529411764706,0.0745098039215686,0.0392156862745098,0.0313725490196078,0.0705882352941176,0.0411764705882353,0.0705882352941176,0.0588235294117647,0.0235294117647059,0.0431372549019608,0.0901960784313725
"A6ZT02",0.0745098039215686,0.0313725490196078,0.0352941176470588,0.0294117647058824,0.0254901960784314,0.0529411764705882,0.0254901960784314,0.0941176470588235,0.00784313725490196,0.0823529411764706,0.0745098039215686,0.0372549019607843,0.0313725490196078,0.0705882352941176,0.0411764705882353,0.0705882352941176,0.0588235294117647,0.0235294117647059,0.0431372549019608,0.0901960784313725
"P87110",0.100196463654224,0.037328094302554,0.0353634577603143,0.0216110019646365,0.00982318271119843,0.0471512770137525,0.0294695481335953,0.0844793713163065,0.00982318271119843,0.0982318271119843,0.0943025540275049,0.037328094302554,0.0235756385068762,0.0667976424361493,0.0333988212180747,0.0903732809430255,0.0550098231827112,0.0216110019646365,0.0275049115913556,0.0766208251473477
"Q7EZD7",0.0990990990990991,0.0472972972972973,0.0337837837837838,0.0292792792792793,0.0135135135135135,0.0315315315315315,0.0315315315315315,0.0833333333333333,0.0112612612612613,0.0743243243243243,0.114864864864865,0.027027027027027,0.0382882882882883,0.0765765765765766,0.036036036036036,0.0518018018018018,0.0495495495495495,0.0247747747747748,0.0247747747747748,0.101351351351351
"Q9LT15",0.089041095890411,0.0296803652968037,0.0365296803652968,0.0251141552511416,0.0136986301369863,0.0365296803652968,0.0296803652968037,0.0936073059360731,0.0091324200913242,0.0844748858447489,0.107305936073059,0.0410958904109589,0.0525114155251142,0.0844748858447489,0.0365296803652968,0.0525114155251142,0.0479452054794521,0.0205479452054795,0.0273972602739726,0.0821917808219178
"P18631",0.0645161290322581,0.030241935483871,0.032258064516129,0.030241935483871,0.0262096774193548,0.0483870967741935,0.0262096774193548,0.0967741935483871,0.0141129032258065,0.0866935483870968,0.0786290322580645,0.0342741935483871,0.032258064516129,0.0745967741935484,0.030241935483871,0.0766129032258065,0.0645161290322581,0.0221774193548387,0.0463709677419355,0.0846774193548387
"P40886",0.0666666666666667,0.0303030303030303,0.0363636363636364,0.0262626262626263,0.0363636363636364,0.0606060606060606,0.0202020202020202,0.0848484848484849,0.00404040404040404,0.0767676767676768,0.0747474747474747,0.0343434343434343,0.0383838383838384,0.0787878787878788,0.0383838383838384,0.0828282828282828,0.0606060606060606,0.0202020202020202,0.0404040404040404,0.0888888888888889
"P40885",0.0657084188911704,0.0287474332648871,0.0390143737166324,0.0225872689938398,0.0225872689938398,0.0349075975359343,0.026694045174538,0.0985626283367557,0.00205338809034908,0.0841889117043121,0.0841889117043121,0.0410677618069815,0.0328542094455852,0.0780287474332649,0.0308008213552361,0.082135523613963,0.0759753593429158,0.0246406570841889,0.0390143737166324,0.0862422997946612
"C7GWV6",0.0745098039215686,0.0294117647058824,0.0372549019607843,0.0294117647058824,0.0254901960784314,0.0509803921568627,0.0254901960784314,0.092156862745098,0.00784313725490196,0.0823529411764706,0.0745098039215686,0.0392156862745098,0.0333333333333333,0.0686274509803922,0.0411764705882353,0.0725490196078431,0.0588235294117647,0.0235294117647059,0.0431372549019608,0.0901960784313725
"P32466",0.0748987854251012,0.0283400809716599,0.0364372469635627,0.0263157894736842,0.0303643724696356,0.0404858299595142,0.0303643724696356,0.103238866396761,0.00404858299595142,0.0809716599190283,0.0668016194331984,0.0323886639676113,0.0425101214574899,0.0748987854251012,0.0404858299595142,0.0748987854251012,0.0526315789473684,0.0202429149797571,0.048582995951417,0.0910931174089069
"Q9SX48",0.0917431192660551,0.0344036697247706,0.0344036697247706,0.0275229357798165,0.0160550458715596,0.0344036697247706,0.0344036697247706,0.0917431192660551,0.00458715596330275,0.0848623853211009,0.105504587155963,0.0344036697247706,0.0435779816513761,0.0848623853211009,0.0389908256880734,0.0527522935779817,0.0458715596330275,0.018348623853211,0.0321100917431193,0.0894495412844037
"Q41144",0.0793650793650794,0.036281179138322,0.0249433106575964,0.0272108843537415,0.0136054421768707,0.0340136054421769,0.0317460317460317,0.0884353741496599,0.0158730158730159,0.0839002267573696,0.111111111111111,0.0340136054421769,0.0385487528344671,0.0793650793650794,0.0340136054421769,0.0657596371882086,0.0430839002267574,0.0249433106575964,0.0385487528344671,0.0952380952380952
"Q8LBI9",0.0785562632696391,0.029723991507431,0.0233545647558386,0.0233545647558386,0.0169851380042463,0.0467091295116773,0.0254777070063694,0.106157112526539,0.00212314225053079,0.0934182590233546,0.104033970276008,0.0509554140127389,0.0276008492569002,0.0679405520169851,0.0339702760084926,0.0912951167728238,0.0509554140127389,0.0169851380042463,0.0233545647558386,0.0870488322717622
"O04036",0.0659090909090909,0.0386363636363636,0.0295454545454545,0.0204545454545455,0.0295454545454545,0.0340909090909091,0.025,0.102272727272727,0.00681818181818182,0.0795454545454545,0.113636363636364,0.0272727272727273,0.0431818181818182,0.0795454545454545,0.0318181818181818,0.0931818181818182,0.0545454545454545,0.0181818181818182,0.0227272727272727,0.0840909090909091
"Q0WQ63",0.0770877944325482,0.0364025695931477,0.0278372591006424,0.0256959314775161,0.012847965738758,0.0449678800856531,0.0256959314775161,0.100642398286938,0.00856531049250535,0.0942184154175589,0.122055674518201,0.0321199143468951,0.0385438972162741,0.0620985010706638,0.0385438972162741,0.0770877944325482,0.0471092077087794,0.019271948608137,0.0256959314775161,0.0835117773019272
"Q8VZ80",0.0991561181434599,0.0611814345991561,0.0232067510548523,0.0316455696202532,0.00421940928270042,0.029535864978903,0.0147679324894515,0.0949367088607595,0.0105485232067511,0.0822784810126582,0.0970464135021097,0.0337552742616034,0.0421940928270042,0.0527426160337553,0.0485232067510548,0.0864978902953586,0.0569620253164557,0.0168776371308017,0.0274261603375527,0.0864978902953586
"P43581",0.0599173553719008,0.0454545454545455,0.0268595041322314,0.0206611570247934,0.0247933884297521,0.0413223140495868,0.0227272727272727,0.103305785123967,0.00413223140495868,0.0929752066115702,0.0805785123966942,0.0371900826446281,0.0351239669421488,0.0785123966942149,0.0351239669421488,0.0743801652892562,0.0578512396694215,0.0247933884297521,0.0433884297520661,0.0909090909090909
"Q3ECP7",0.0670995670995671,0.0324675324675325,0.0194805194805195,0.025974025974026,0.012987012987013,0.0454545454545455,0.0281385281385281,0.108225108225108,0.00216450216450216,0.0865800865800866,0.11038961038961,0.0303030303030303,0.038961038961039,0.0606060606060606,0.0303030303030303,0.0952380952380952,0.0627705627705628,0.0194805194805195,0.0281385281385281,0.0952380952380952
"Q94AF9",0.0825688073394495,0.0389908256880734,0.0229357798165138,0.018348623853211,0.0137614678899083,0.0389908256880734,0.0321100917431193,0.100917431192661,0.00458715596330275,0.0917431192660551,0.103211009174312,0.0321100917431193,0.0321100917431193,0.0848623853211009,0.0275229357798165,0.0940366972477064,0.0435779816513761,0.0252293577981651,0.0252293577981651,0.0871559633027523
"P54723",0.0949074074074074,0.0578703703703704,0.025462962962963,0.0115740740740741,0.00694444444444444,0.0416666666666667,0.037037037037037,0.0949074074074074,0.0138888888888889,0.108796296296296,0.12962962962963,0.0231481481481481,0.0347222222222222,0.0671296296296296,0.0347222222222222,0.0462962962962963,0.0694444444444444,0.0138888888888889,0.0208333333333333,0.0671296296296296
"P23586",0.0779816513761468,0.0458715596330275,0.0229357798165138,0.0206422018348624,0.0137614678899083,0.0344036697247706,0.0275229357798165,0.0894495412844037,0.0137614678899083,0.0917431192660551,0.110091743119266,0.0252293577981651,0.036697247706422,0.0756880733944954,0.0412844036697248,0.0688073394495413,0.055045871559633,0.0252293577981651,0.0321100917431193,0.0917431192660551
"Q94CI6",0.0647948164146868,0.0388768898488121,0.0280777537796976,0.0280777537796976,0.0172786177105832,0.0388768898488121,0.0280777537796976,0.0907127429805616,0.00215982721382289,0.0928725701943845,0.133909287257019,0.0367170626349892,0.0323974082073434,0.0647948164146868,0.0280777537796976,0.101511879049676,0.0561555075593952,0.0215982721382289,0.0237580993520518,0.0712742980561555
"P45598",0.107798165137615,0.0481651376146789,0.0321100917431193,0.018348623853211,0.0114678899082569,0.0389908256880734,0.018348623853211,0.0871559633027523,0.00688073394495413,0.0665137614678899,0.123853211009174,0.0321100917431193,0.0573394495412844,0.0596330275229358,0.0229357798165138,0.0665137614678899,0.0619266055045872,0.0229357798165138,0.0229357798165138,0.0940366972477064
"Q94EC4",0.0940366972477064,0.0504587155963303,0.0275229357798165,0.0252293577981651,0.00917431192660551,0.0321100917431193,0.0229357798165138,0.0986238532110092,0.00458715596330275,0.0894495412844037,0.128440366972477,0.0229357798165138,0.0458715596330275,0.0802752293577982,0.0344036697247706,0.0619266055045872,0.0481651376146789,0.018348623853211,0.0206422018348624,0.0848623853211009
"P0AEP1",0.104545454545455,0.0454545454545455,0.0272727272727273,0.0204545454545455,0.00681818181818182,0.0409090909090909,0.025,0.0886363636363636,0.0136363636363636,0.0818181818181818,0.136363636363636,0.0318181818181818,0.05,0.0659090909090909,0.0295454545454545,0.0568181818181818,0.0545454545454545,0.025,0.0181818181818182,0.0772727272727273
"P0AEP2",0.104545454545455,0.0454545454545455,0.0272727272727273,0.0204545454545455,0.00681818181818182,0.0409090909090909,0.025,0.0886363636363636,0.0136363636363636,0.0818181818181818,0.136363636363636,0.0318181818181818,0.05,0.0659090909090909,0.0295454545454545,0.0568181818181818,0.0545454545454545,0.025,0.0181818181818182,0.0772727272727273
"P54854",0.0655737704918033,0.0266393442622951,0.0307377049180328,0.0225409836065574,0.0286885245901639,0.0512295081967213,0.0266393442622951,0.0942622950819672,0.0102459016393443,0.0819672131147541,0.100409836065574,0.0368852459016393,0.0266393442622951,0.069672131147541,0.0471311475409836,0.0737704918032787,0.0471311475409836,0.0225409836065574,0.0471311475409836,0.0901639344262295
"P30606",0.0658914728682171,0.0290697674418605,0.0368217054263566,0.0368217054263566,0.0193798449612403,0.0348837209302326,0.0368217054263566,0.0949612403100775,0.00968992248062015,0.104651162790698,0.0910852713178295,0.0387596899224806,0.0271317829457364,0.0717054263565891,0.0348837209302326,0.0891472868217054,0.0755813953488372,0.0155038759689922,0.0271317829457364,0.060077519379845
"Q9FMX3",0.0727272727272727,0.0295454545454545,0.0454545454545455,0.0136363636363636,0.0181818181818182,0.0431818181818182,0.0272727272727273,0.102272727272727,0.00909090909090909,0.0886363636363636,0.125,0.0409090909090909,0.0454545454545455,0.0886363636363636,0.0318181818181818,0.0568181818181818,0.0477272727272727,0.0181818181818182,0.0295454545454545,0.0659090909090909
"Q10PW9",0.0823798627002288,0.0526315789473684,0.0434782608695652,0.0183066361556064,0.011441647597254,0.0389016018306636,0.0366132723112128,0.0823798627002288,0.0091533180778032,0.0709382151029748,0.132723112128146,0.0205949656750572,0.0297482837528604,0.080091533180778,0.0297482837528604,0.05720823798627,0.05720823798627,0.0205949656750572,0.0205949656750572,0.105263157894737
"P0AE25",0.109839816933638,0.045766590389016,0.0320366132723112,0.0160183066361556,0.011441647597254,0.0411899313501144,0.0183066361556064,0.0869565217391304,0.0068649885583524,0.0755148741418764,0.130434782608696,0.034324942791762,0.05720823798627,0.0594965675057208,0.022883295194508,0.0640732265446224,0.0640732265446224,0.022883295194508,0.022883295194508,0.0778032036613272
"P0AE24",0.109839816933638,0.045766590389016,0.0320366132723112,0.0160183066361556,0.011441647597254,0.0411899313501144,0.0183066361556064,0.0869565217391304,0.0068649885583524,0.0755148741418764,0.130434782608696,0.034324942791762,0.05720823798627,0.0594965675057208,0.022883295194508,0.0640732265446224,0.0640732265446224,0.022883295194508,0.022883295194508,0.0778032036613272
"Q93Z80",0.0756880733944954,0.036697247706422,0.0252293577981651,0.0206422018348624,0.0137614678899083,0.0412844036697248,0.0252293577981651,0.103211009174312,0.00458715596330275,0.0940366972477064,0.11697247706422,0.0321100917431193,0.0298165137614679,0.0825688073394495,0.0298165137614679,0.0940366972477064,0.0412844036697248,0.0252293577981651,0.0275229357798165,0.0802752293577982
"P47185",0.0655737704918033,0.0266393442622951,0.0286885245901639,0.0245901639344262,0.0286885245901639,0.0512295081967213,0.0266393442622951,0.0942622950819672,0.0102459016393443,0.0799180327868853,0.100409836065574,0.0368852459016393,0.0266393442622951,0.069672131147541,0.0471311475409836,0.0737704918032787,0.0491803278688525,0.0225409836065574,0.0471311475409836,0.0901639344262295
"O52733",0.0941176470588235,0.0329411764705882,0.0305882352941176,0.0282352941176471,0.00470588235294118,0.0258823529411765,0.0235294117647059,0.110588235294118,0.00705882352941176,0.110588235294118,0.112941176470588,0.0352941176470588,0.0352941176470588,0.0752941176470588,0.0282352941176471,0.0776470588235294,0.0470588235294118,0.0235294117647059,0.0188235294117647,0.0776470588235294
"O34718",0.0769230769230769,0.0536130536130536,0.0326340326340326,0.0163170163170163,0.00699300699300699,0.048951048951049,0.0256410256410256,0.0955710955710956,0,0.0792540792540792,0.13986013986014,0.027972027972028,0.034965034965035,0.0862470862470862,0.0372960372960373,0.0606060606060606,0.0606060606060606,0.0116550116550117,0.013986013986014,0.0909090909090909
"Q94CI7",0.0777537796976242,0.0367170626349892,0.0259179265658747,0.0259179265658747,0.019438444924406,0.041036717062635,0.0302375809935205,0.0928725701943845,0.00431965442764579,0.0907127429805616,0.114470842332613,0.0345572354211663,0.0367170626349892,0.0799136069114471,0.0259179265658747,0.0885529157667387,0.0647948164146868,0.0172786177105832,0.0215982721382289,0.0712742980561555
"O04249",0.082004555808656,0.041002277904328,0.0387243735763098,0.0159453302961276,0.0136674259681093,0.0364464692482916,0.0296127562642369,0.111617312072893,0.00911161731207289,0.0865603644646925,0.132118451025057,0.0227790432801822,0.0341685649202733,0.0751708428246014,0.0341685649202733,0.0592255125284738,0.0569476082004556,0.0182232346241458,0.020501138952164,0.082004555808656
"P47842",0.0726872246696035,0.0440528634361234,0.0352422907488987,0.0154185022026432,0.0154185022026432,0.0484581497797357,0.0418502202643172,0.0969162995594714,0.00220264317180617,0.0969162995594714,0.114537444933921,0.0242290748898678,0.0330396475770925,0.0837004405286344,0.039647577092511,0.066079295154185,0.0550660792951542,0.0110132158590308,0.0220264317180617,0.0814977973568282
"P15686",0.104072398190045,0.0361990950226244,0.0271493212669683,0.0180995475113122,0.0180995475113122,0.0361990950226244,0.0316742081447964,0.108597285067873,0.00452488687782805,0.0633484162895928,0.115384615384615,0.0271493212669683,0.0339366515837104,0.085972850678733,0.0384615384615385,0.0588235294117647,0.0407239819004525,0.0226244343891403,0.0248868778280543,0.104072398190045
"Q07647",0.079295154185022,0.0330396475770925,0.0286343612334802,0.013215859030837,0.0176211453744493,0.0506607929515418,0.0374449339207048,0.0969162995594714,0.00440528634361234,0.0903083700440529,0.112334801762115,0.0220264317180617,0.0308370044052863,0.0859030837004405,0.0440528634361234,0.0682819383259912,0.0594713656387665,0.0110132158590308,0.0242290748898678,0.0903083700440529
"P47843",0.0691964285714286,0.0424107142857143,0.0334821428571429,0.0133928571428571,0.0178571428571429,0.0513392857142857,0.0379464285714286,0.100446428571429,0.00223214285714286,0.104910714285714,0.111607142857143,0.0200892857142857,0.0334821428571429,0.0870535714285714,0.0446428571428571,0.0580357142857143,0.0602678571428571,0.0133928571428571,0.0223214285714286,0.0758928571428571
"P15325",0.0808988764044944,0.0471910112359551,0.0449438202247191,0.0179775280898876,0.00898876404494382,0.0382022471910112,0.0247191011235955,0.103370786516854,0.00674157303370787,0.0966292134831461,0.107865168539326,0.0224719101123595,0.0292134831460674,0.0808988764044944,0.0426966292134831,0.0606741573033708,0.0426966292134831,0.0382022471910112,0.0404494382022472,0.0651685393258427
"Q8GXR2",0.0960187353629977,0.0421545667447307,0.0187353629976581,0.0140515222482436,0.00936768149882904,0.0468384074941452,0.0163934426229508,0.105386416861827,0.0117096018735363,0.0843091334894614,0.142857142857143,0.0398126463700234,0.0374707259953162,0.0608899297423888,0.0281030444964871,0.0679156908665105,0.0585480093676815,0.0163934426229508,0.0210772833723653,0.0819672131147541
"Q9M0Z9",0.0786516853932584,0.0269662921348315,0.0179775280898876,0.0269662921348315,0.0179775280898876,0.0359550561797753,0.0292134831460674,0.103370786516854,0.00449438202247191,0.0853932584269663,0.125842696629213,0.0314606741573034,0.0202247191011236,0.0741573033707865,0.0337078651685393,0.0943820224719101,0.0584269662921348,0.0202247191011236,0.0314606741573034,0.0831460674157303
"Q39525",0.0929705215419501,0.0453514739229025,0.0226757369614512,0.0158730158730159,0.0113378684807256,0.036281179138322,0.0340136054421769,0.113378684807256,0.0090702947845805,0.0770975056689342,0.124716553287982,0.0226757369614512,0.0340136054421769,0.0816326530612245,0.036281179138322,0.0612244897959184,0.036281179138322,0.0226757369614512,0.0226757369614512,0.0997732426303855
"Q39228",0.0715883668903803,0.0313199105145414,0.0380313199105145,0.0156599552572707,0.0134228187919463,0.0447427293064877,0.0357941834451902,0.0917225950782998,0.00671140939597315,0.0984340044742729,0.105145413870246,0.0268456375838926,0.0402684563758389,0.10738255033557,0.0425055928411633,0.058165548098434,0.0514541387024608,0.0201342281879195,0.0201342281879195,0.0805369127516778
"Q9FRL3",0.0781609195402299,0.0344827586206897,0.0252873563218391,0.0160919540229885,0.0114942528735632,0.0367816091954023,0.0229885057471264,0.0988505747126437,0,0.0873563218390805,0.128735632183908,0.0275862068965517,0.032183908045977,0.0574712643678161,0.0344827586206897,0.0873563218390805,0.0689655172413793,0.0229885057471264,0.0298850574712644,0.0988505747126437
"O74849",0.0829596412556054,0.0426008968609865,0.0448430493273543,0.015695067264574,0.0246636771300448,0.0269058295964126,0.0336322869955157,0.103139013452915,0.00672645739910314,0.0919282511210762,0.0874439461883408,0.0269058295964126,0.0381165919282511,0.0739910313901345,0.0403587443946188,0.062780269058296,0.0672645739910314,0.0246636771300448,0.0426008968609865,0.062780269058296
"Q94AZ2",0.0880361173814898,0.0496613995485327,0.036117381489842,0.0248306997742664,0.0135440180586907,0.036117381489842,0.0316027088036117,0.0857787810383747,0.0090293453724605,0.0744920993227991,0.137697516930023,0.0225733634311512,0.0293453724604966,0.0790067720090293,0.0316027088036117,0.0586907449209932,0.0609480812641084,0.0203160270880361,0.018058690744921,0.0925507900677201
"P58352",0.0717488789237668,0.0403587443946188,0.0336322869955157,0.0134529147982063,0.0179372197309417,0.0515695067264574,0.0381165919282511,0.103139013452915,0.00224215246636771,0.103139013452915,0.112107623318386,0.0201793721973094,0.0336322869955157,0.0874439461883408,0.0448430493273543,0.0582959641255605,0.0560538116591928,0.0134529147982063,0.0224215246636771,0.0762331838565022
"Q9LNV3",0.0755148741418764,0.0389016018306636,0.0274599542334096,0.0205949656750572,0.0183066361556064,0.0411899313501144,0.0297482837528604,0.100686498855835,0.0068649885583524,0.0938215102974828,0.123569794050343,0.034324942791762,0.034324942791762,0.091533180778032,0.0389016018306636,0.0549199084668192,0.0503432494279176,0.0137299771167048,0.0297482837528604,0.0755148741418764
"O74969",0.0762331838565022,0.0403587443946188,0.0381165919282511,0.0201793721973094,0.0201793721973094,0.0381165919282511,0.031390134529148,0.109865470852018,0.00224215246636771,0.100896860986547,0.0762331838565022,0.0291479820627803,0.0358744394618834,0.0739910313901345,0.031390134529148,0.0852017937219731,0.0538116591928251,0.0224215246636771,0.0403587443946188,0.0739910313901345
"O65413",0.0840909090909091,0.0409090909090909,0.0272727272727273,0.025,0.0113636363636364,0.0272727272727273,0.0318181818181818,0.0886363636363636,0.00909090909090909,0.0909090909090909,0.125,0.025,0.0318181818181818,0.0772727272727273,0.0363636363636364,0.0659090909090909,0.0477272727272727,0.025,0.0318181818181818,0.0977272727272727
"Q0WUU6",0.0846681922196796,0.0434782608695652,0.0160183066361556,0.022883295194508,0.0183066361556064,0.0526315789473684,0.0297482837528604,0.0961098398169336,0.0022883295194508,0.0823798627002288,0.121281464530892,0.0251716247139588,0.0320366132723112,0.068649885583524,0.0320366132723112,0.0778032036613272,0.0617848970251716,0.011441647597254,0.0183066361556064,0.102974828375286
"P11636",0.0934782608695652,0.0456521739130435,0.041304347826087,0.0239130434782609,0.0108695652173913,0.0347826086956522,0.0260869565217391,0.091304347826087,0,0.0978260869565217,0.0934782608695652,0.0326086956521739,0.0282608695652174,0.0891304347826087,0.0478260869565217,0.0630434782608696,0.041304347826087,0.0347826086956522,0.0434782608695652,0.0608695652173913
"P30605",0.0738636363636364,0.0359848484848485,0.0321969696969697,0.0359848484848485,0.0170454545454545,0.0416666666666667,0.0359848484848485,0.0909090909090909,0.0132575757575758,0.0928030303030303,0.0946969696969697,0.0359848484848485,0.0227272727272727,0.0643939393939394,0.0303030303030303,0.0890151515151515,0.0795454545454545,0.0151515151515152,0.0265151515151515,0.071969696969697
"Q8VZT3",0.0806451612903226,0.0345622119815668,0.0207373271889401,0.0253456221198157,0.0253456221198157,0.0299539170506912,0.0207373271889401,0.0898617511520737,0.00691244239631336,0.117511520737327,0.112903225806452,0.0414746543778802,0.0368663594470046,0.0737327188940092,0.0345622119815668,0.0829493087557604,0.0552995391705069,0.0276497695852535,0.0207373271889401,0.0622119815668203
"P32037",0.0874439461883408,0.0336322869955157,0.031390134529148,0.0179372197309417,0.0201793721973094,0.047085201793722,0.0403587443946188,0.0964125560538117,0.00448430493273543,0.0919282511210762,0.116591928251121,0.0224215246636771,0.0291479820627803,0.0829596412556054,0.0426008968609865,0.0605381165919283,0.0515695067264574,0.00896860986547085,0.0246636771300448,0.0896860986547085
"Q6ZKF0",0.0904977375565611,0.0384615384615385,0.0271493212669683,0.0294117647058824,0.0135746606334842,0.0271493212669683,0.0271493212669683,0.0972850678733032,0.0158371040723982,0.0769230769230769,0.1289592760181,0.0135746606334842,0.0452488687782805,0.0746606334841629,0.0294117647058824,0.0678733031674208,0.0588235294117647,0.0248868778280543,0.0271493212669683,0.085972850678733
"A2QQV6",0.0805369127516778,0.0447427293064877,0.0425055928411633,0.0246085011185682,0.0111856823266219,0.0313199105145414,0.029082774049217,0.102908277404922,0.0156599552572707,0.0917225950782998,0.105145413870246,0.0313199105145414,0.029082774049217,0.0782997762863535,0.0447427293064877,0.0604026845637584,0.0425055928411633,0.0380313199105145,0.0380313199105145,0.058165548098434
"Q4U3U4",0.0934782608695652,0.0434782608695652,0.0391304347826087,0.0195652173913043,0.00869565217391304,0.0369565217391304,0.0217391304347826,0.0956521739130435,0.00217391304347826,0.0956521739130435,0.0934782608695652,0.0347826086956522,0.0326086956521739,0.0891304347826087,0.0478260869565217,0.0652173913043478,0.041304347826087,0.0347826086956522,0.041304347826087,0.0630434782608696
"Q93YP9",0.0781609195402299,0.0344827586206897,0.0252873563218391,0.0183908045977011,0.0114942528735632,0.0344827586206897,0.0229885057471264,0.0988505747126437,0,0.0827586206896552,0.124137931034483,0.0275862068965517,0.0344827586206897,0.0528735632183908,0.0367816091954023,0.0919540229885057,0.0620689655172414,0.0206896551724138,0.0298850574712644,0.11264367816092
"Q9SFG0",0.0884955752212389,0.0398230088495575,0.0287610619469027,0.0287610619469027,0.0154867256637168,0.0309734513274336,0.0331858407079646,0.0973451327433628,0.00663716814159292,0.101769911504425,0.11283185840708,0.0265486725663717,0.0331858407079646,0.0951327433628319,0.0376106194690266,0.0575221238938053,0.0420353982300885,0.0176991150442478,0.0243362831858407,0.081858407079646
"Q94EC3",0.0848623853211009,0.0481651376146789,0.0275229357798165,0.0206422018348624,0.00688073394495413,0.036697247706422,0.0229357798165138,0.0963302752293578,0.00229357798165138,0.100917431192661,0.123853211009174,0.0206422018348624,0.0481651376146789,0.0848623853211009,0.0389908256880734,0.0596330275229358,0.055045871559633,0.018348623853211,0.018348623853211,0.0848623853211009
"Q6AWX0",0.0894854586129754,0.0335570469798658,0.0134228187919463,0.0134228187919463,0.0156599552572707,0.0492170022371365,0.0223713646532438,0.109619686800895,0.00447427293064877,0.0805369127516778,0.161073825503356,0.0246085011185682,0.0201342281879195,0.0536912751677852,0.0469798657718121,0.0715883668903803,0.0380313199105145,0.0134228187919463,0.0402684563758389,0.0984340044742729
"Q9XIH7",0.101580135440181,0.0496613995485327,0.018058690744921,0.0270880361173815,0.0112866817155756,0.0293453724604966,0.0158013544018059,0.110609480812641,0.00451467268623025,0.0767494356659142,0.119638826185102,0.0338600451467269,0.036117381489842,0.0677200902934537,0.036117381489842,0.0699774266365688,0.0609480812641084,0.0158013544018059,0.0248306997742664,0.090293453724605
"Q9UGQ3",0.115062761506276,0.0585774058577406,0.0146443514644351,0.0292887029288703,0.0125523012552301,0.0313807531380753,0.0251046025104603,0.0836820083682008,0.0104602510460251,0.0418410041841004,0.161087866108787,0.0167364016736402,0.0271966527196653,0.0585774058577406,0.0690376569037657,0.0711297071129707,0.0543933054393305,0.0209205020920502,0.0188284518828452,0.0794979079497908
