"","V1","V2","V3","V4","V5","V6","V7","V8","V9","V10","V11","V12","V13","V14","V15","V16","V17","V18","V19","V20"
"",0.0696984676223431,0.0558576371725161,0.0405338606030648,0.046465645081562,0.013840830449827,0.069204152249135,0.0459713297083539,0.0622837370242214,0.023232822540781,0.0528917449332674,0.0963914977755808,0.0538803756796836,0.0242214532871972,0.0365793376173999,0.0528917449332674,0.0899653979238754,0.0652496292634701,0.0108749382105783,0.0306475531389026,0.0593178447849728
"A8DYE2",0.0696984676223431,0.0558576371725161,0.0405338606030648,0.046465645081562,0.013840830449827,0.069204152249135,0.0459713297083539,0.0622837370242214,0.023232822540781,0.0528917449332674,0.0963914977755808,0.0538803756796836,0.0242214532871972,0.0365793376173999,0.0528917449332674,0.0899653979238754,0.0652496292634701,0.0108749382105783,0.0306475531389026,0.0593178447849728
"Q9HCF6",0.0550986842105263,0.0550986842105263,0.0394736842105263,0.046875,0.0148026315789474,0.0723684210526316,0.0444078947368421,0.0567434210526316,0.0279605263157895,0.0740131578947368,0.111019736842105,0.0633223684210526,0.0435855263157895,0.0411184210526316,0.0444078947368421,0.0550986842105263,0.0444078947368421,0.0164473684210526,0.0328947368421053,0.0608552631578947
"Q96QT4",0.0598503740648379,0.0448877805486284,0.0390689941812136,0.0399002493765586,0.0157938487115544,0.0623441396508728,0.0482128013300083,0.0515378221113882,0.029925187032419,0.0739817123857024,0.107231920199501,0.0673316708229426,0.0315876974231089,0.0457190357439734,0.0390689941812136,0.0606816292601829,0.0507065669160432,0.0166251039068994,0.0390689941812136,0.0764754779717373
"Q923J1",0.0590191188694929,0.0432252701579385,0.0374064837905237,0.0407315045719036,0.0149625935162095,0.0623441396508728,0.0448877805486284,0.0507065669160432,0.0307564422277639,0.0731504571903574,0.105569409808811,0.0698254364089776,0.0324189526184539,0.0457190357439734,0.0399002493765586,0.0656691604322527,0.0515378221113882,0.0166251039068994,0.0390689941812136,0.0764754779717373
"Q925B3",0.0599500416319734,0.0432972522897585,0.0374687760199834,0.0399666944213156,0.0149875104079933,0.0632805995004163,0.0457951706910908,0.0507910074937552,0.0308076602830974,0.0749375520399667,0.104912572855953,0.0682764363030808,0.0316402997502082,0.0457951706910908,0.0399666944213156,0.0657785179017485,0.0507910074937552,0.0166527893422148,0.0391340549542048,0.0757701915070774
"Q9BX84",0.0530367835757057,0.0410607356715141,0.0359281437125748,0.0479041916167665,0.0162532078699743,0.067579127459367,0.0436270316509837,0.0479041916167665,0.0376390076988879,0.0633019674935843,0.110350727117194,0.0667236954662104,0.0333618477331052,0.0444824636441403,0.0367835757057314,0.0727117194183062,0.0521813515825492,0.0230966638152267,0.039349871685201,0.0667236954662104
"Q8CIR4",0.0490111779879622,0.0421324161650903,0.0404127257093723,0.0447119518486672,0.0189165950128977,0.0687876182287188,0.0395528804815133,0.0507308684436801,0.0326741186586414,0.0619088564058469,0.114359415305245,0.0696474634565778,0.0378331900257954,0.0472914875322442,0.0378331900257954,0.0705073086844368,0.0490111779879622,0.0249355116079106,0.0369733447979364,0.0627687016337059
"Q2WEA5",0.0523605150214592,0.0489270386266094,0.040343347639485,0.0472103004291846,0.0188841201716738,0.0678111587982833,0.0446351931330472,0.0592274678111588,0.0197424892703863,0.0626609442060086,0.109871244635193,0.0729613733905579,0.0377682403433476,0.0377682403433476,0.0446351931330472,0.0729613733905579,0.0360515021459227,0.0188841201716738,0.0343347639484979,0.0729613733905579
"Q2TV84",0.0523605150214592,0.0489270386266094,0.0394849785407725,0.0463519313304721,0.0188841201716738,0.0686695278969957,0.0446351931330472,0.0609442060085837,0.0180257510729614,0.0618025751072961,0.110729613733906,0.0755364806866953,0.0377682403433476,0.0377682403433476,0.0446351931330472,0.0721030042918455,0.0377682403433476,0.0188841201716738,0.0351931330472103,0.0695278969957082
"Q7Z4N2",0.0537918871252205,0.0502645502645503,0.044973544973545,0.0467372134038801,0.0167548500881834,0.0731922398589065,0.0458553791887125,0.0582010582010582,0.0202821869488536,0.0652557319223986,0.113756613756614,0.0714285714285714,0.037037037037037,0.0388007054673721,0.0414462081128748,0.064373897707231,0.0388007054673721,0.0185185185185185,0.0352733686067019,0.0652557319223986
"E9PTA2",0.0591304347826087,0.0530434782608696,0.0252173913043478,0.0460869565217391,0.0226086956521739,0.0669565217391304,0.0521739130434783,0.0591304347826087,0.0278260869565217,0.0695652173913043,0.123478260869565,0.0591304347826087,0.0226086956521739,0.0495652173913043,0.0365217391304348,0.0591304347826087,0.0539130434782609,0.0226086956521739,0.0243478260869565,0.0669565217391304
"O94759",0.0670731707317073,0.0513937282229965,0.0287456445993031,0.0444250871080139,0.0191637630662021,0.0670731707317073,0.054006968641115,0.0566202090592334,0.0287456445993031,0.0548780487804878,0.122822299651568,0.0592334494773519,0.0191637630662021,0.0513937282229965,0.0435540069686411,0.0566202090592334,0.054006968641115,0.0235191637630662,0.0226480836236934,0.0749128919860627
"Q91YD4",0.0594405594405594,0.0533216783216783,0.0270979020979021,0.0437062937062937,0.0227272727272727,0.0664335664335664,0.0524475524475524,0.0576923076923077,0.027972027972028,0.0673076923076923,0.120629370629371,0.0585664335664336,0.0227272727272727,0.0506993006993007,0.0384615384615385,0.0568181818181818,0.0559440559440559,0.0227272727272727,0.0236013986013986,0.0716783216783217
"Q7TN37",0.078252957233849,0.086442220200182,0.0254777070063694,0.0573248407643312,0.0227479526842584,0.0545950864422202,0.0400363967242948,0.0682438580527752,0.0200181983621474,0.0354868061874431,0.142857142857143,0.0327570518653321,0.0172884440400364,0.0482256596906278,0.0391264786169245,0.0673339399454049,0.0473157415832575,0.0245677888989991,0.0227479526842584,0.0691537761601456
"Q9ESQ5",0.0820419325432999,0.0820419325432999,0.0282588878760255,0.0546946216955333,0.0227894257064722,0.0556061987237922,0.04102096627165,0.0701914311759344,0.0218778486782133,0.0337283500455789,0.145852324521422,0.0309936189608022,0.0191431175934366,0.0492251595259799,0.0382862351868733,0.0628988149498633,0.0474020054694622,0.0255241567912489,0.0237010027347311,0.064721969006381
"Q8TD43",0.0827272727272727,0.0836363636363636,0.0181818181818182,0.0527272727272727,0.0227272727272727,0.0527272727272727,0.0390909090909091,0.0818181818181818,0.0190909090909091,0.0318181818181818,0.142727272727273,0.0327272727272727,0.0218181818181818,0.05,0.0454545454545455,0.0654545454545455,0.0454545454545455,0.0227272727272727,0.0218181818181818,0.0672727272727273
"Q9JJH7",0.0766355140186916,0.0607476635514019,0.0224299065420561,0.0514018691588785,0.0205607476635514,0.0663551401869159,0.0411214953271028,0.0570093457943925,0.0299065420560748,0.0439252336448598,0.133644859813084,0.0467289719626168,0.0224299065420561,0.0551401869158879,0.0448598130841121,0.0626168224299065,0.0476635514018692,0.0233644859813084,0.0214953271028037,0.0719626168224299
"Q9NZQ8",0.077788191190253,0.0721649484536082,0.0253045923149016,0.0515463917525773,0.0159325210871603,0.0684161199625117,0.0365510777881912,0.0646672914714152,0.0271790065604499,0.0328022492970947,0.134020618556701,0.0506091846298032,0.0168697282099344,0.0571696344892221,0.0440487347703843,0.0534208059981256,0.042174320524836,0.0224929709465792,0.0206185567010309,0.0862230552952202
"Q7Z2W7",0.0584851390220518,0.049856184084372,0.0546500479386385,0.0479386385426654,0.024928092042186,0.0642377756471716,0.0335570469798658,0.0469798657718121,0.0191754554170662,0.0651965484180249,0.11313518696069,0.0680728667305849,0.0182166826462128,0.0613614573346117,0.024928092042186,0.062320230105465,0.0527325023969319,0.0230105465004794,0.037392138063279,0.0738255033557047
"Q8R455",0.0567853705486044,0.0490856592877767,0.053897978825794,0.0461982675649663,0.0230991337824832,0.0664100096246391,0.0346487006737247,0.0452358036573628,0.0192492781520693,0.0635226179018287,0.115495668912416,0.0664100096246391,0.0173243503368624,0.0606352261790183,0.0240615976900866,0.068334937439846,0.0548604427333975,0.0240615976900866,0.0365736284889317,0.0741097208854668
"Q8R4D5",0.055822906641001,0.0490856592877767,0.0577478344562079,0.0461982675649663,0.0230991337824832,0.0664100096246391,0.0346487006737247,0.0442733397497594,0.0192492781520693,0.0644850818094321,0.114533205004812,0.0654475457170356,0.0192492781520693,0.0606352261790183,0.0230991337824832,0.0692974013474495,0.0529355149181906,0.0240615976900866,0.0365736284889317,0.0731472569778633
"Q93971",0.0761421319796954,0.077834179357022,0.0439932318104907,0.0473773265651438,0.0186125211505922,0.0456852791878173,0.0490693739424704,0.0710659898477157,0.0321489001692047,0.0439932318104907,0.0964467005076142,0.0473773265651438,0.0203045685279188,0.0423011844331641,0.0372250423011844,0.0676818950930626,0.065989847715736,0.011844331641286,0.0253807106598985,0.0795262267343486
"Q18297",0.0809815950920245,0.0441717791411043,0.045398773006135,0.049079754601227,0.0171779141104294,0.0748466257668712,0.0429447852760736,0.0404907975460123,0.0257668711656442,0.0601226993865031,0.0993865030674847,0.0723926380368098,0.0380368098159509,0.0613496932515337,0.0245398773006135,0.0478527607361963,0.0552147239263804,0.0147239263803681,0.0343558282208589,0.0711656441717791
"Q9R244",0.0570071258907363,0.0570071258907363,0.0308788598574822,0.0356294536817102,0.0166270783847981,0.0688836104513064,0.0261282660332542,0.0641330166270784,0.00950118764845606,0.0665083135391924,0.133016627078385,0.0380047505938242,0.0356294536817102,0.0641330166270784,0.0475059382422803,0.0712589073634204,0.0617577197149644,0.0213776722090261,0.0308788598574822,0.0641330166270784
"P48994",0.053030303030303,0.0631313131313131,0.053030303030303,0.0353535353535354,0.0126262626262626,0.0606060606060606,0.0303030303030303,0.0505050505050505,0.0126262626262626,0.0707070707070707,0.101010101010101,0.0606060606060606,0.053030303030303,0.0833333333333333,0.0353535353535354,0.0782828282828283,0.0227272727272727,0.0252525252525253,0.0252525252525253,0.0732323232323232
"Q9R283",0.0571428571428571,0.0571428571428571,0.0285714285714286,0.0357142857142857,0.0166666666666667,0.0714285714285714,0.0238095238095238,0.0547619047619048,0.0119047619047619,0.0690476190476191,0.128571428571429,0.0380952380952381,0.0357142857142857,0.0642857142857143,0.0547619047619048,0.0690476190476191,0.0642857142857143,0.0214285714285714,0.030952380952381,0.0666666666666667
"Q9QX29",0.0560224089635854,0.0532212885154062,0.0588235294117647,0.0364145658263305,0.00840336134453781,0.0448179271708683,0.0280112044817927,0.0420168067226891,0.0252100840336134,0.0672268907563025,0.145658263305322,0.0476190476190476,0.0336134453781513,0.0756302521008403,0.0392156862745098,0.0784313725490196,0.0560224089635854,0.0280112044817927,0.0336134453781513,0.0420168067226891
"O62852",0.0555555555555556,0.0526315789473684,0.0614035087719298,0.0292397660818713,0.0087719298245614,0.0467836257309941,0.0292397660818713,0.043859649122807,0.0233918128654971,0.0701754385964912,0.149122807017544,0.0497076023391813,0.0350877192982456,0.0760233918128655,0.0409356725146199,0.0672514619883041,0.0526315789473684,0.0292397660818713,0.0350877192982456,0.043859649122807
"P34586",0.0444444444444444,0.0641975308641975,0.0271604938271605,0.0567901234567901,0.0123456790123457,0.0592592592592593,0.0222222222222222,0.0419753086419753,0.0222222222222222,0.0740740740740741,0.101234567901235,0.0444444444444444,0.0395061728395062,0.0617283950617284,0.0395061728395062,0.101234567901235,0.0592592592592593,0.0320987654320988,0.0395061728395062,0.0567901234567901
"P34641",0.0717781402936378,0.0538336052202284,0.0375203915171289,0.0375203915171289,0.0277324632952692,0.0407830342577488,0.0244698205546493,0.0261011419249592,0.0179445350734095,0.065252854812398,0.106035889070147,0.0522022838499184,0.0228384991843393,0.0766721044045677,0.0636215334420881,0.0946166394779772,0.0505709624796085,0.0293637846655791,0.034257748776509,0.066884176182708
"Q9UL62",0.0584795321637427,0.0555555555555556,0.064327485380117,0.0292397660818713,0.0087719298245614,0.0467836257309941,0.0263157894736842,0.043859649122807,0.0233918128654971,0.0672514619883041,0.146198830409357,0.0497076023391813,0.0350877192982456,0.0760233918128655,0.0409356725146199,0.0672514619883041,0.0526315789473684,0.0292397660818713,0.0350877192982456,0.043859649122807
"Q9QUQ5",0.0718232044198895,0.0414364640883978,0.0524861878453039,0.0303867403314917,0.00552486187845304,0.0469613259668508,0.0386740331491713,0.0497237569060773,0.0220994475138122,0.074585635359116,0.138121546961326,0.0607734806629834,0.0331491712707182,0.069060773480663,0.0359116022099447,0.074585635359116,0.0497237569060773,0.0303867403314917,0.0276243093922652,0.0469613259668508
"Q9UBN4",0.0641399416909621,0.043731778425656,0.0524781341107872,0.0291545189504373,0.00583090379008746,0.0408163265306122,0.0349854227405248,0.0524781341107872,0.0233236151603499,0.0787172011661808,0.145772594752187,0.0612244897959184,0.0349854227405248,0.075801749271137,0.0379008746355685,0.0612244897959184,0.0524781341107872,0.032069970845481,0.0291545189504373,0.043731778425656
"P79100",0.0641399416909621,0.043731778425656,0.0524781341107872,0.0291545189504373,0.00583090379008746,0.0408163265306122,0.0349854227405248,0.0524781341107872,0.0233236151603499,0.0787172011661808,0.145772594752187,0.0612244897959184,0.0349854227405248,0.075801749271137,0.0379008746355685,0.0612244897959184,0.0524781341107872,0.032069970845481,0.0291545189504373,0.043731778425656
"O35119",0.0641399416909621,0.043731778425656,0.0524781341107872,0.0291545189504373,0.00583090379008746,0.0408163265306122,0.0349854227405248,0.0524781341107872,0.0233236151603499,0.075801749271137,0.145772594752187,0.0612244897959184,0.0349854227405248,0.0728862973760933,0.0379008746355685,0.0612244897959184,0.0524781341107872,0.032069970845481,0.0291545189504373,0.0495626822157434
"Q9JMI9",0.0477453580901857,0.0450928381962865,0.0397877984084881,0.0344827586206897,0.00530503978779841,0.0636604774535809,0.0318302387267905,0.0450928381962865,0.0106100795755968,0.0875331564986737,0.119363395225464,0.0636604774535809,0.0424403183023873,0.0795755968169761,0.0318302387267905,0.0928381962864721,0.0344827586206897,0.0185676392572944,0.0318302387267905,0.0742705570291777
"Q9QZC1",0.0477453580901857,0.0450928381962865,0.0397877984084881,0.0344827586206897,0.00530503978779841,0.0636604774535809,0.0318302387267905,0.0450928381962865,0.0106100795755968,0.0875331564986737,0.119363395225464,0.0636604774535809,0.0424403183023873,0.0795755968169761,0.0318302387267905,0.0928381962864721,0.0344827586206897,0.0185676392572944,0.0318302387267905,0.0742705570291777
"Q13507",0.0503978779840849,0.0450928381962865,0.0397877984084881,0.0344827586206897,0.00530503978779841,0.0636604774535809,0.0318302387267905,0.0450928381962865,0.0106100795755968,0.0901856763925729,0.114058355437666,0.0636604774535809,0.0450928381962865,0.0822281167108753,0.0318302387267905,0.0901856763925729,0.0344827586206897,0.0185676392572944,0.0318302387267905,0.0716180371352785
"Q9MYW0",0.0626631853785901,0.0365535248041775,0.0443864229765013,0.031331592689295,0.00261096605744125,0.0731070496083551,0.0391644908616188,0.0548302872062663,0.0130548302872063,0.0887728459530026,0.0966057441253264,0.0783289817232376,0.0496083550913838,0.0887728459530026,0.0287206266318538,0.0731070496083551,0.0261096605744125,0.0234986945169713,0.0287206266318538,0.0600522193211488
"Q9Y210",0.0600522193211488,0.0287206266318538,0.0496083550913838,0.031331592689295,0.00261096605744125,0.0757180156657963,0.0365535248041775,0.0548302872062663,0.0156657963446475,0.0913838120104439,0.0992167101827676,0.0835509138381201,0.0496083550913838,0.0835509138381201,0.031331592689295,0.0678851174934726,0.0234986945169713,0.0234986945169713,0.0287206266318538,0.0626631853785901
"Q61143",0.0626631853785901,0.031331592689295,0.0496083550913838,0.031331592689295,0.00522193211488251,0.0757180156657963,0.0417754569190601,0.0522193211488251,0.0130548302872063,0.0861618798955614,0.0966057441253264,0.0783289817232376,0.0496083550913838,0.0835509138381201,0.0287206266318538,0.0731070496083551,0.0261096605744125,0.0234986945169713,0.031331592689295,0.0600522193211488
"Q6R5A3",0.0533980582524272,0.0436893203883495,0.0388349514563107,0.0412621359223301,0.0218446601941748,0.0606796116504854,0.0242718446601942,0.0461165048543689,0.0121359223300971,0.0631067961165049,0.12621359223301,0.0606796116504854,0.0364077669902913,0.0825242718446602,0.0218446601941748,0.0655339805825243,0.058252427184466,0.0121359223300971,0.0679611650485437,0.0631067961165049
"Q9HCX4",0.0588235294117647,0.0401069518716578,0.0481283422459893,0.0294117647058824,0.00802139037433155,0.072192513368984,0.0267379679144385,0.0481283422459893,0.00802139037433155,0.0748663101604278,0.112299465240642,0.0748663101604278,0.0481283422459893,0.0668449197860963,0.0294117647058824,0.0775401069518717,0.0401069518716578,0.0213903743315508,0.0374331550802139,0.0775401069518717
"Q9WVC5",0.0594594594594595,0.0378378378378378,0.0432432432432432,0.0297297297297297,0.00810810810810811,0.072972972972973,0.0324324324324324,0.0486486486486487,0.00810810810810811,0.0756756756756757,0.110810810810811,0.0675675675675676,0.0486486486486487,0.0702702702702703,0.0297297297297297,0.0783783783783784,0.0405405405405405,0.0216216216216216,0.0378378378378378,0.0783783783783784
"Q6IVV8",0.0593047034764826,0.0511247443762781,0.0572597137014315,0.0593047034764826,0.0143149284253579,0.0736196319018405,0.0388548057259714,0.0429447852760736,0.0122699386503067,0.0531697341513292,0.120654396728016,0.0511247443762781,0.0306748466257669,0.0797546012269939,0.0286298568507157,0.0797546012269939,0.0408997955010225,0.0122699386503067,0.0449897750511247,0.049079754601227
"Q9VJJ7",0.0524861878453039,0.0524861878453039,0.0469613259668508,0.0414364640883978,0.0138121546961326,0.0524861878453039,0.0386740331491713,0.0662983425414365,0.0110497237569061,0.069060773480663,0.116022099447514,0.0524861878453039,0.0414364640883978,0.0718232044198895,0.0276243093922652,0.0801104972375691,0.0469613259668508,0.0276243093922652,0.0220994475138122,0.069060773480663
"Q704Y3",0.0481171548117155,0.0564853556485356,0.0481171548117155,0.0397489539748954,0.0230125523012552,0.0543933054393305,0.0251046025104603,0.0523012552301255,0.0188284518828452,0.0543933054393305,0.119246861924686,0.0564853556485356,0.0313807531380753,0.0774058577405858,0.0271966527196653,0.0690376569037657,0.0585774058577406,0.0146443514644351,0.0543933054393305,0.0711297071129707
"Q8NER1",0.0515021459227468,0.0536480686695279,0.036480686695279,0.0429184549356223,0.01931330472103,0.0600858369098712,0.0300429184549356,0.0515021459227468,0.0128755364806867,0.055793991416309,0.128755364806867,0.055793991416309,0.0386266094420601,0.0729613733905579,0.0300429184549356,0.0665236051502146,0.055793991416309,0.0150214592274678,0.0579399141630901,0.0643776824034335
"Q697L1",0.0485436893203883,0.0436893203883495,0.0364077669902913,0.0436893203883495,0.0218446601941748,0.0533980582524272,0.0266990291262136,0.0509708737864078,0.0169902912621359,0.0606796116504854,0.12378640776699,0.0606796116504854,0.0388349514563107,0.0800970873786408,0.0242718446601942,0.0606796116504854,0.0631067961165049,0.0121359223300971,0.0679611650485437,0.0655339805825243
"O35433",0.0525,0.05,0.0325,0.0375,0.025,0.0525,0.0275,0.05,0.015,0.065,0.1275,0.06,0.035,0.0825,0.0225,0.0675,0.0525,0.0125,0.065,0.0675
"Q6RX08",0.055,0.0475,0.03,0.0425,0.025,0.055,0.025,0.0525,0.0125,0.065,0.1375,0.055,0.035,0.0775,0.0225,0.065,0.055,0.0125,0.065,0.065
"O88420",0.0526315789473684,0.0394736842105263,0.0368421052631579,0.05,0.0184210526315789,0.0605263157894737,0.0315789473684211,0.0447368421052632,0.0131578947368421,0.107894736842105,0.0921052631578947,0.0552631578947368,0.05,0.0947368421052632,0.0368421052631579,0.05,0.0526315789473684,0.00789473684210526,0.0289473684210526,0.0763157894736842
"Q9WTU3",0.0526315789473684,0.0394736842105263,0.0368421052631579,0.05,0.0184210526315789,0.0605263157894737,0.0315789473684211,0.0447368421052632,0.0131578947368421,0.107894736842105,0.0921052631578947,0.0552631578947368,0.05,0.0947368421052632,0.0368421052631579,0.05,0.0526315789473684,0.00789473684210526,0.0289473684210526,0.0763157894736842
"Q9UQD0",0.0526315789473684,0.0394736842105263,0.0368421052631579,0.05,0.0184210526315789,0.0605263157894737,0.0315789473684211,0.0447368421052632,0.0131578947368421,0.107894736842105,0.0921052631578947,0.0552631578947368,0.05,0.0947368421052632,0.0368421052631579,0.05,0.0526315789473684,0.00789473684210526,0.0289473684210526,0.0763157894736842
"O18784",0.0505952380952381,0.0446428571428571,0.0416666666666667,0.0297619047619048,0.0119047619047619,0.0446428571428571,0.0446428571428571,0.0476190476190476,0.0297619047619048,0.068452380952381,0.145833333333333,0.056547619047619,0.0238095238095238,0.0892857142857143,0.0267857142857143,0.0744047619047619,0.0505952380952381,0.0238095238095238,0.0416666666666667,0.0535714285714286
"O62826",0.0683229813664596,0.0714285714285714,0.0341614906832298,0.0279503105590062,0.0186335403726708,0.0745341614906832,0.0372670807453416,0.0745341614906832,0.0093167701863354,0.0683229813664596,0.0962732919254658,0.0279503105590062,0.0372670807453416,0.0683229813664596,0.0683229813664596,0.0590062111801242,0.0652173913043478,0.0062111801242236,0.0248447204968944,0.062111801242236
"Q9TUN9",0.0505952380952381,0.0386904761904762,0.0446428571428571,0.0297619047619048,0.00892857142857143,0.0416666666666667,0.0505952380952381,0.0476190476190476,0.0238095238095238,0.068452380952381,0.142857142857143,0.0625,0.0267857142857143,0.0863095238095238,0.0238095238095238,0.0744047619047619,0.0535714285714286,0.0238095238095238,0.0386904761904762,0.0625
"Q61056",0.0505952380952381,0.0386904761904762,0.0446428571428571,0.0297619047619048,0.00892857142857143,0.0416666666666667,0.0505952380952381,0.0476190476190476,0.0238095238095238,0.068452380952381,0.142857142857143,0.0625,0.0267857142857143,0.0863095238095238,0.0238095238095238,0.0744047619047619,0.0535714285714286,0.0238095238095238,0.0386904761904762,0.0625
"P48995",0.0505952380952381,0.0386904761904762,0.0446428571428571,0.0297619047619048,0.00892857142857143,0.0416666666666667,0.0505952380952381,0.0476190476190476,0.0238095238095238,0.068452380952381,0.142857142857143,0.0625,0.0267857142857143,0.0863095238095238,0.0238095238095238,0.0744047619047619,0.0535714285714286,0.0238095238095238,0.0386904761904762,0.0625
"Q9QX01",0.0505952380952381,0.0416666666666667,0.0446428571428571,0.0297619047619048,0.00892857142857143,0.0416666666666667,0.0505952380952381,0.0476190476190476,0.0238095238095238,0.0654761904761905,0.142857142857143,0.0595238095238095,0.0267857142857143,0.0863095238095238,0.0238095238095238,0.0744047619047619,0.0535714285714286,0.0238095238095238,0.0386904761904762,0.0654761904761905
"P04775",0.0522565320665083,0.0403800475059382,0.0332541567695962,0.0546318289786223,0.0142517814726841,0.0641330166270784,0.0308788598574822,0.0475059382422803,0.00712589073634204,0.102137767220903,0.0902612826603325,0.0760095011876485,0.0498812351543943,0.0831353919239905,0.0380047505938242,0.0522565320665083,0.0451306413301663,0.00712589073634204,0.0332541567695962,0.0783847980997625
"P19334",0.046070460704607,0.0650406504065041,0.037940379403794,0.0487804878048781,0.010840108401084,0.0542005420054201,0.029810298102981,0.040650406504065,0.010840108401084,0.0813008130081301,0.119241192411924,0.046070460704607,0.0596205962059621,0.0867208672086721,0.029810298102981,0.0813008130081301,0.040650406504065,0.02710027100271,0.035230352303523,0.0487804878048781
"Q2XVR4",0.0529100529100529,0.0343915343915344,0.0423280423280423,0.0582010582010582,0.0158730158730159,0.0661375661375661,0.0185185185185185,0.0396825396825397,0.00529100529100529,0.103174603174603,0.108465608465608,0.0661375661375661,0.0529100529100529,0.0793650793650794,0.0423280423280423,0.0502645502645503,0.0608465608465608,0.00793650793650794,0.0264550264550265,0.0687830687830688
"Q2XVR6",0.0526315789473684,0.0342105263157895,0.0447368421052632,0.0552631578947368,0.0157894736842105,0.0657894736842105,0.0210526315789474,0.0394736842105263,0.00526315789473684,0.102631578947368,0.107894736842105,0.0605263157894737,0.0526315789473684,0.0842105263157895,0.0447368421052632,0.0552631578947368,0.0578947368421053,0.00789473684210526,0.0236842105263158,0.068421052631579
"Q99250",0.0522565320665083,0.0403800475059382,0.0332541567695962,0.0593824228028504,0.0142517814726841,0.0593824228028504,0.0308788598574822,0.0475059382422803,0.00475059382422803,0.102137767220903,0.0926365795724466,0.0760095011876485,0.0498812351543943,0.0831353919239905,0.0380047505938242,0.0522565320665083,0.0451306413301663,0.00712589073634204,0.0356294536817102,0.0760095011876485
"Q20JQ7",0.0552763819095477,0.0376884422110553,0.042713567839196,0.0552763819095477,0.0251256281407035,0.0527638190954774,0.0276381909547739,0.0527638190954774,0.00753768844221105,0.100502512562814,0.0904522613065327,0.0603015075376884,0.0577889447236181,0.0804020100502513,0.0351758793969849,0.050251256281407,0.0653266331658292,0.00753768844221105,0.0301507537688442,0.0653266331658292
"H2LRU7",0.0498960498960499,0.0395010395010395,0.0498960498960499,0.0602910602910603,0.0166320166320166,0.0644490644490645,0.0457380457380457,0.051975051975052,0.0249480249480249,0.0602910602910603,0.108108108108108,0.0498960498960499,0.0311850311850312,0.079002079002079,0.0207900207900208,0.0602910602910603,0.0623700623700624,0.0124740124740125,0.0478170478170478,0.0644490644490645
"Q28644",0.0552631578947368,0.0342105263157895,0.0394736842105263,0.0421052631578947,0.0157894736842105,0.0578947368421053,0.0263157894736842,0.0526315789473684,0.00789473684210526,0.1,0.0973684210526316,0.0631578947368421,0.05,0.0842105263157895,0.0394736842105263,0.0605263157894737,0.05,0.0105263157894737,0.0368421052631579,0.0763157894736842
"Q15858",0.0526315789473684,0.0342105263157895,0.0421052631578947,0.0473684210526316,0.0157894736842105,0.0552631578947368,0.0263157894736842,0.0526315789473684,0.00789473684210526,0.0973684210526316,0.0947368421052632,0.0631578947368421,0.05,0.0842105263157895,0.0394736842105263,0.0605263157894737,0.0473684210526316,0.0105263157894737,0.0342105263157895,0.0842105263157895
"Q14524",0.0664893617021277,0.0372340425531915,0.0372340425531915,0.0478723404255319,0.0106382978723404,0.0558510638297872,0.0292553191489362,0.0452127659574468,0.00797872340425532,0.106382978723404,0.0984042553191489,0.0558510638297872,0.0531914893617021,0.0877659574468085,0.0372340425531915,0.0585106382978723,0.0585106382978723,0.0106382978723404,0.0345744680851064,0.0611702127659574
"Q2XVR7",0.0740740740740741,0.051440329218107,0.0432098765432099,0.0452674897119342,0.0185185185185185,0.0699588477366255,0.037037037037037,0.0534979423868313,0.01440329218107,0.0925925925925926,0.0925925925925926,0.0473251028806584,0.0432098765432099,0.0740740740740741,0.0473251028806584,0.0555555555555556,0.0493827160493827,0.00617283950617284,0.0246913580246914,0.0596707818930041
"P15389",0.0721153846153846,0.0480769230769231,0.0384615384615385,0.0480769230769231,0.0144230769230769,0.0576923076923077,0.0360576923076923,0.0480769230769231,0.0120192307692308,0.0985576923076923,0.09375,0.0528846153846154,0.0480769230769231,0.0865384615384615,0.0360576923076923,0.0576923076923077,0.0528846153846154,0.00961538461538462,0.0336538461538462,0.0552884615384615
"Q9JJV9",0.0691489361702128,0.0372340425531915,0.0425531914893617,0.0478723404255319,0.0159574468085106,0.0558510638297872,0.0292553191489362,0.0425531914893617,0.00797872340425532,0.106382978723404,0.0930851063829787,0.0558510638297872,0.0531914893617021,0.0877659574468085,0.0372340425531915,0.0531914893617021,0.0585106382978723,0.0106382978723404,0.0372340425531915,0.0585106382978723
"Q2XVR3",0.0585365853658537,0.0560975609756098,0.0487804878048781,0.0609756097560976,0.0146341463414634,0.0682926829268293,0.024390243902439,0.0439024390243902,0.0024390243902439,0.114634146341463,0.0878048780487805,0.0585365853658537,0.0487804878048781,0.0926829268292683,0.0390243902439024,0.0463414634146341,0.0439024390243902,0.00731707317073171,0.024390243902439,0.0585365853658537
"Q2XVR5",0.0473684210526316,0.0394736842105263,0.0473684210526316,0.0473684210526316,0.0184210526315789,0.0710526315789474,0.0368421052631579,0.0526315789473684,0.00263157894736842,0.1,0.0947368421052632,0.0447368421052632,0.0578947368421053,0.0868421052631579,0.0368421052631579,0.0473684210526316,0.0605263157894737,0.00789473684210526,0.0236842105263158,0.0763157894736842
"Q8NET8",0.0545023696682464,0.0497630331753555,0.0473933649289099,0.037914691943128,0.014218009478673,0.0710900473933649,0.0213270142180095,0.0402843601895735,0.0118483412322275,0.0639810426540284,0.146919431279621,0.0568720379146919,0.0308056872037915,0.0710900473933649,0.0260663507109005,0.0639810426540284,0.0592417061611374,0.023696682464455,0.042654028436019,0.0663507109004739
"Q8K424",0.0536130536130536,0.048951048951049,0.0396270396270396,0.0466200466200466,0.013986013986014,0.0652680652680653,0.020979020979021,0.0372960372960373,0.0116550116550117,0.0652680652680653,0.158508158508158,0.0559440559440559,0.0303030303030303,0.0675990675990676,0.0256410256410256,0.0675990675990676,0.0606060606060606,0.0233100233100233,0.0466200466200466,0.0606060606060606
"Q91WD2",0.063013698630137,0.0712328767123288,0.0164383561643836,0.0547945205479452,0.0219178082191781,0.0493150684931507,0.0438356164383562,0.0575342465753425,0.0136986301369863,0.073972602739726,0.115068493150685,0.0301369863013699,0.0493150684931507,0.063013698630137,0.0328767123287671,0.0328767123287671,0.0602739726027397,0.0219178082191781,0.0520547945205479,0.0767123287671233
"Q9R186",0.063013698630137,0.0712328767123288,0.0164383561643836,0.0575342465753425,0.0219178082191781,0.0493150684931507,0.0438356164383562,0.0547945205479452,0.0136986301369863,0.073972602739726,0.117808219178082,0.0301369863013699,0.0493150684931507,0.063013698630137,0.0328767123287671,0.0356164383561644,0.0575342465753425,0.0219178082191781,0.0520547945205479,0.073972602739726
"A0A1D5PXA5",0.0506329113924051,0.0405063291139241,0.0278481012658228,0.0481012658227848,0.0151898734177215,0.0531645569620253,0.0126582278481013,0.0632911392405063,0.0126582278481013,0.0759493670886076,0.141772151898734,0.0481012658227848,0.0354430379746835,0.0683544303797468,0.0354430379746835,0.0734177215189873,0.0582278481012658,0.0151898734177215,0.0531645569620253,0.0708860759493671
"Q9Y5S1",0.0634517766497462,0.0456852791878173,0.032994923857868,0.0253807106598985,0.0203045685279188,0.065989847715736,0.0380710659898477,0.0558375634517767,0.0228426395939086,0.0634517766497462,0.17005076142132,0.0431472081218274,0.0228426395939086,0.0609137055837563,0.0304568527918782,0.0609137055837563,0.0380710659898477,0.032994923857868,0.0355329949238579,0.0710659898477157
"Q9WTR1",0.0529100529100529,0.0555555555555556,0.0238095238095238,0.0264550264550265,0.0158730158730159,0.0634920634920635,0.0396825396825397,0.0529100529100529,0.0238095238095238,0.0582010582010582,0.171957671957672,0.044973544973545,0.0264550264550265,0.0608465608465608,0.0317460317460317,0.0714285714285714,0.0423280423280423,0.0238095238095238,0.0423280423280423,0.0714285714285714
"Q9HBA0",0.0614525139664804,0.0363128491620112,0.0335195530726257,0.0446927374301676,0.0139664804469274,0.0474860335195531,0.0139664804469274,0.0502793296089385,0.0111731843575419,0.0782122905027933,0.153631284916201,0.0474860335195531,0.0363128491620112,0.0642458100558659,0.0279329608938547,0.0726256983240224,0.058659217877095,0.0139664804469274,0.058659217877095,0.0754189944134078
"Q9ERZ8",0.0617977528089888,0.0365168539325843,0.0308988764044944,0.0449438202247191,0.0140449438202247,0.0449438202247191,0.0140449438202247,0.050561797752809,0.0112359550561798,0.0674157303370786,0.157303370786517,0.047752808988764,0.0365168539325843,0.0646067415730337,0.0280898876404494,0.0702247191011236,0.0589887640449438,0.0140449438202247,0.0589887640449438,0.0870786516853933
"Q9EPK8",0.0617977528089888,0.0365168539325843,0.0308988764044944,0.0449438202247191,0.0140449438202247,0.0449438202247191,0.0140449438202247,0.050561797752809,0.0112359550561798,0.0674157303370786,0.157303370786517,0.047752808988764,0.0337078651685393,0.0646067415730337,0.0280898876404494,0.0674157303370786,0.0646067415730337,0.0140449438202247,0.0589887640449438,0.0870786516853933
"Q9WUD2",0.0498687664041995,0.062992125984252,0.0288713910761155,0.0288713910761155,0.0131233595800525,0.068241469816273,0.041994750656168,0.05249343832021,0.0236220472440945,0.05249343832021,0.16010498687664,0.041994750656168,0.026246719160105,0.0656167979002625,0.036745406824147,0.0708661417322835,0.0393700787401575,0.026246719160105,0.041994750656168,0.068241469816273
"Q9H1D0",0.0620347394540943,0.0645161290322581,0.0223325062034739,0.0471464019851117,0.0223325062034739,0.0471464019851117,0.0421836228287841,0.0570719602977667,0.0198511166253102,0.0719602977667494,0.126550868486352,0.0297766749379653,0.0521091811414392,0.0645161290322581,0.0372208436724566,0.0347394540942928,0.0645161290322581,0.0198511166253102,0.0496277915632754,0.0645161290322581
"Q9NQA5",0.0729166666666667,0.0607638888888889,0.0381944444444444,0.046875,0.0243055555555556,0.0607638888888889,0.0416666666666667,0.0486111111111111,0.0208333333333333,0.0590277777777778,0.133680555555556,0.0260416666666667,0.0364583333333333,0.0590277777777778,0.0416666666666667,0.0434027777777778,0.0590277777777778,0.0173611111111111,0.0347222222222222,0.0746527777777778
"P69744",0.0601719197707736,0.0487106017191977,0.0171919770773639,0.0372492836676218,0.0229226361031519,0.0659025787965616,0.0429799426934097,0.0544412607449857,0.0114613180515759,0.0659025787965616,0.114613180515759,0.0401146131805158,0.0515759312320917,0.0687679083094556,0.0372492836676218,0.0544412607449857,0.0573065902578797,0.0257879656160458,0.0515759312320917,0.0716332378223496
"Q9JIP0",0.0458937198067633,0.0579710144927536,0.0169082125603865,0.0338164251207729,0.0193236714975845,0.0628019323671498,0.0458937198067633,0.0652173913043478,0.0193236714975845,0.0676328502415459,0.118357487922705,0.036231884057971,0.0458937198067633,0.0579710144927536,0.0410628019323672,0.0676328502415459,0.0603864734299517,0.0241545893719807,0.0458937198067633,0.0676328502415459
"Q9XSM3",0.0610328638497653,0.0539906103286385,0.028169014084507,0.0352112676056338,0.0258215962441315,0.0539906103286385,0.0422535211267606,0.0516431924882629,0.0164319248826291,0.0563380281690141,0.119718309859155,0.0328638497652582,0.0446009389671361,0.0657276995305164,0.0422535211267606,0.0633802816901408,0.0727699530516432,0.0211267605633803,0.0446009389671361,0.068075117370892
"Q4GZT3",0.0566801619433198,0.0566801619433198,0.0445344129554656,0.0647773279352227,0.01417004048583,0.0688259109311741,0.0364372469635627,0.0425101214574899,0.01417004048583,0.0809716599190283,0.109311740890688,0.0526315789473684,0.0222672064777328,0.0829959514170041,0.0202429149797571,0.0728744939271255,0.0546558704453441,0.0101214574898785,0.0425101214574899,0.0526315789473684
"Q9JLG4",0.0516528925619835,0.0578512396694215,0.0475206611570248,0.0475206611570248,0.0165289256198347,0.0599173553719008,0.0413223140495868,0.0330578512396694,0.00826446280991736,0.0743801652892562,0.0971074380165289,0.0661157024793388,0.0227272727272727,0.103305785123967,0.0165289256198347,0.0826446280991736,0.0351239669421488,0.0206611570247934,0.0557851239669422,0.0619834710743802
"Q13563",0.0546558704453441,0.0546558704453441,0.0465587044534413,0.0647773279352227,0.01417004048583,0.0688259109311741,0.0384615384615385,0.0425101214574899,0.0161943319838057,0.0708502024291498,0.101214574898785,0.0526315789473684,0.0242914979757085,0.0890688259109312,0.0222672064777328,0.0748987854251012,0.0546558704453441,0.0101214574898785,0.0404858299595142,0.0587044534412955
"O35245",0.0570264765784114,0.065173116089613,0.0468431771894094,0.0590631364562118,0.0162932790224033,0.0712830957230143,0.0407331975560081,0.0427698574338086,0.0122199592668024,0.065173116089613,0.105906313645621,0.044806517311609,0.0244399185336049,0.0875763747454175,0.0203665987780041,0.0794297352342159,0.054989816700611,0.010183299389002,0.0386965376782077,0.0570264765784114
"Q9R053",0.0615384615384615,0.0487179487179487,0.0435897435897436,0.041025641025641,0.0179487179487179,0.0615384615384615,0.0358974358974359,0.041025641025641,0.00769230769230769,0.0923076923076923,0.1,0.0512820512820513,0.0538461538461538,0.0871794871794872,0.0358974358974359,0.0487179487179487,0.0538461538461538,0.0102564102564103,0.0282051282051282,0.0794871794871795
"P56699",0.0533333333333333,0.0355555555555556,0.0377777777777778,0.04,0.0155555555555556,0.0422222222222222,0.0422222222222222,0.0422222222222222,0.0244444444444444,0.0733333333333333,0.126666666666667,0.0577777777777778,0.0555555555555556,0.0711111111111111,0.04,0.0666666666666667,0.0688888888888889,0.0133333333333333,0.0377777777777778,0.0555555555555556
"Q9W0T5",0.0571428571428571,0.0637362637362637,0.0417582417582418,0.0417582417582418,0.0175824175824176,0.0527472527472527,0.0527472527472527,0.032967032967033,0.0131868131868132,0.0593406593406593,0.142857142857143,0.0505494505494506,0.0285714285714286,0.0659340659340659,0.0417582417582418,0.0527472527472527,0.0593406593406593,0.0153846153846154,0.0263736263736264,0.0835164835164835
"A2A259",0.0464135021097046,0.0421940928270042,0.0464135021097046,0.0590717299578059,0.0126582278481013,0.0717299578059072,0.0548523206751055,0.0590717299578059,0.0189873417721519,0.0632911392405063,0.111814345991561,0.029535864978903,0.0126582278481013,0.0864978902953586,0.0253164556962025,0.0717299578059072,0.0506329113924051,0.0126582278481013,0.0527426160337553,0.0717299578059072
"Q9P0L9",0.05175983436853,0.05175983436853,0.0434782608695652,0.0559006211180124,0.0124223602484472,0.072463768115942,0.041407867494824,0.0579710144927536,0.0186335403726708,0.0641821946169772,0.124223602484472,0.041407867494824,0.0165631469979296,0.082815734989648,0.0144927536231884,0.062111801242236,0.05175983436853,0.0165631469979296,0.05175983436853,0.0683229813664596
"Q05152",0.0745341614906832,0.0527950310559006,0.0527950310559006,0.046583850931677,0.0217391304347826,0.046583850931677,0.0186335403726708,0.0279503105590062,0.0186335403726708,0.077639751552795,0.108695652173913,0.031055900621118,0.0590062111801242,0.0993788819875776,0.031055900621118,0.0745341614906832,0.0403726708074534,0.015527950310559,0.0434782608695652,0.0590062111801242
"P35500",0.0626450116009281,0.0394431554524362,0.0348027842227378,0.074245939675174,0.0116009280742459,0.0533642691415313,0.0278422273781903,0.0765661252900232,0.0139211136890951,0.0904872389791183,0.0928074245939675,0.0580046403712297,0.037122969837587,0.0649651972157773,0.0510440835266821,0.0487238979118329,0.0440835266821346,0.00928074245939675,0.0464037122969838,0.0626450116009281
"Q9NZM6",0.0417536534446764,0.0417536534446764,0.0605427974947808,0.0417536534446764,0.0125260960334029,0.0563674321503132,0.0417536534446764,0.0375782881002088,0.00626304801670146,0.081419624217119,0.0939457202505219,0.0793319415448852,0.0187891440501044,0.106471816283925,0.0125260960334029,0.0793319415448852,0.0459290187891441,0.022964509394572,0.0605427974947808,0.058455114822547
"Q6RI86",0.0624187256176853,0.0390117035110533,0.0520156046814044,0.0520156046814044,0.0182054616384915,0.0494148244473342,0.046814044213264,0.046814044213264,0.0403120936280884,0.0663198959687906,0.140442132639792,0.0546163849154746,0.0416124837451235,0.046814044213264,0.0312093628088427,0.0572171651495449,0.0520156046814044,0.0104031209362809,0.0364109232769831,0.0559167750325098
